470 1
1076 2
1317 3
1694 4
1761 5
1800 6
1855 7
1919 8
1946 9
1999 10
2109 11
2176 12
2219 13
2275 14
2335 15
2373 16
2404 17
2441 18
2680 19
2736 20
2805 21
2865 22
2901 23
2945 24
2978 25
3026 26
3064 27
3102 28
3219 29
3298 30
3324 31
3348 32
3458 33
3491 34
3559 35
3646 36
3690 37
3721 38
3800 39
3819 40
3858 41
3881 42
3936 43
4021 44
4124 45
4209 46
4238 47
4268 48
4290 49
4323 50
4356 51
4412 52
4503 53
4534 54
4565 55
4586 56
4610 57
4651 58
4683 59
4709 60
4741 61
4787 62
4814 63
4856 64
4890 65
4918 66
4944 67
4972 68
4993 69
5027 70
5109 71
5137 72
5177 73
5203 74
5230 75
5254 76
5277 77
5310 78
5327 79
5360 80
5397 81
5428 82
5453 83
5483 84
5518 85
5538 86
5566 87
5612 88
5636 89
5657 90
5688 91
5712 92
5733 93
5759 94
5777 95
5804 96
5861 97
5884 98
5899 99
5948 100
5974 101
6002 102
6025 103
6044 104
6085 105
6103 106
6127 107
6150 108
6169 109
6185 110
6203 111
6232 112
6272 113
6288 114
6312 115
6342 116
6360 117
6379 118
6403 119
6424 120
6446 121
6464 122
6482 123
6515 124
6530 125
6564 126
6579 127
6596 128
6611 129
6626 130
6641 131
6659 132
6679 133
6695 134
6712 135
6727 136
6745 137
6760 138
6778 139
6802 140
6823 141
6845 142
6860 143
6875 144
6896 145
6913 146
6930 147
6945 148
6964 149
6979 150
6997 151
7015 152
7030 153
7045 154
7060 155
7075 156
7099 157
7114 158
7134 159
7151 160
7172 161
7187 162
7204 163
7221 164
7236 165
7254 166
7269 167
7286 168
7302 169
7322 170
7337 171
7353 172
7370 173
7386 174
7401 175
7418 176
7439 177
7456 178
7474 179
7490 180
7509 181
7525 182
7541 183
7556 184
7571 185
7587 186
7603 187
7618 188
7633 189
7649 190
7664 191
7683 192
7698 193
7714 194
7730 195
7746 196
7761 197
7776 198
7792 199
7809 200
391 1
1236 2
1402 3
1584 4
1694 5
1804 6
1834 7
1878 8
1907 9
2033 10
2127 11
2162 12
2235 13
2270 14
2296 15
2372 16
2527 17
2660 18
2702 19
2761 20
2836 21
2900 22
2929 23
3009 24
3032 25
3117 26
3183 27
3289 28
3367 29
3392 30
3424 31
3540 32
3657 33
3681 34
3704 35
3765 36
3809 37
3860 38
3915 39
3944 40
3971 41
4019 42
4071 43
4128 44
4211 45
4236 46
4295 47
4323 48
4362 49
4392 50
4422 51
4470 52
4505 53
4614 54
4643 55
4703 56
4735 57
4765 58
4801 59
4826 60
4845 61
4897 62
4921 63
4948 64
4998 65
5035 66
5063 67
5089 68
5148 69
5175 70
5193 71
5224 72
5262 73
5304 74
5341 75
5360 76
5385 77
5407 78
5428 79
5464 80
5498 81
5525 82
5545 83
5575 84
5601 85
5619 86
5653 87
5680 88
5705 89
5729 90
5746 91
5773 92
5789 93
5831 94
5848 95
5872 96
5895 97
5915 98
5944 99
5961 100
5988 101
6009 102
6029 103
6046 104
6061 105
6094 106
6120 107
6138 108
6161 109
6189 110
6204 111
6251 112
6270 113
6299 114
6317 115
6341 116
6364 117
6387 118
6410 119
6429 120
6446 121
6461 122
6482 123
6500 124
6516 125
6534 126
6553 127
6579 128
6594 129
6613 130
6631 131
6649 132
6666 133
6681 134
6696 135
6715 136
6730 137
6745 138
6776 139
6791 140
6808 141
6823 142
6840 143
6858 144
6877 145
6893 146
6911 147
6930 148
6950 149
6966 150
7010 151
7025 152
7043 153
7065 154
7081 155
7098 156
7120 157
7135 158
7154 159
7170 160
7186 161
7203 162
7221 163
7236 164
7252 165
7268 166
7288 167
7303 168
7318 169
7333 170
7355 171
7376 172
7393 173
7408 174
7426 175
7444 176
7461 177
7477 178
7493 179
7508 180
7527 181
7545 182
7561 183
7579 184
7595 185
7612 186
7627 187
7642 188
7658 189
7675 190
7691 191
7708 192
7724 193
7744 194
7761 195
7776 196
7794 197
7812 198
7830 199
7847 200
483 1
1099 2
1447 3
1571 4
1605 5
1627 6
1686 7
1924 8
1968 9
2086 10
2152 11
2182 12
2226 13
2256 14
2355 15
2529 16
2564 17
2625 18
2652 19
2732 20
2757 21
2792 22
2918 23
2951 24
3089 25
3111 26
3144 27
3184 28
3274 29
3305 30
3406 31
3428 32
3469 33
3600 34
3666 35
3702 36
3873 37
3903 38
3930 39
3976 40
4037 41
4065 42
4094 43
4154 44
4189 45
4218 46
4260 47
4297 48
4383 49
4422 50
4452 51
4530 52
4555 53
4589 54
4625 55
4651 56
4680 57
4707 58
4786 59
4817 60
4833 61
4857 62
4912 63
4932 64
4959 65
4986 66
5021 67
5049 68
5108 69
5143 70
5171 71
5198 72
5225 73
5252 74
5273 75
5308 76
5336 77
5358 78
5380 79
5402 80
5428 81
5455 82
5488 83
5520 84
5547 85
5568 86
5589 87
5614 88
5643 89
5661 90
5703 91
5728 92
5747 93
5777 94
5799 95
5819 96
5851 97
5875 98
5905 99
5938 100
5977 101
5999 102
6024 103
6049 104
6076 105
6107 106
6122 107
6144 108
6164 109
6190 110
6213 111
6228 112
6243 113
6266 114
6288 115
6319 116
6335 117
6356 118
6372 119
6388 120
6412 121
6434 122
6450 123
6476 124
6495 125
6514 126
6531 127
6548 128
6563 129
6587 130
6607 131
6628 132
6655 133
6671 134
6686 135
6703 136
6723 137
6743 138
6758 139
6775 140
6790 141
6805 142
6821 143
6840 144
6855 145
6870 146
6889 147
6904 148
6932 149
6948 150
6963 151
6985 152
7000 153
7015 154
7033 155
7051 156
7066 157
7084 158
7101 159
7121 160
7136 161
7151 162
7166 163
7184 164
7199 165
7216 166
7234 167
7257 168
7274 169
7291 170
7310 171
7325 172
7344 173
7359 174
7376 175
7410 176
7427 177
7443 178
7460 179
7476 180
7492 181
7514 182
7529 183
7544 184
7561 185
7582 186
7599 187
7616 188
7636 189
7651 190
7669 191
7693 192
7715 193
7730 194
7747 195
7764 196
7784 197
7799 198
7814 199
7829 200
437 1
1046 2
1269 3
1628 4
1683 5
1735 6
1837 7
1974 8
2045 9
2102 10
2188 11
2295 12
2325 13
2392 14
2413 15
2569 16
2618 17
2659 18
2703 19
2726 20
2810 21
2884 22
2969 23
3025 24
3059 25
3131 26
3167 27
3219 28
3260 29
3371 30
3444 31
3576 32
3621 33
3643 34
3709 35
3754 36
3787 37
3832 38
3939 39
3996 40
4094 41
4130 42
4177 43
4210 44
4241 45
4291 46
4322 47
4359 48
4384 49
4451 50
4504 51
4530 52
4559 53
4588 54
4612 55
4637 56
4685 57
4712 58
4742 59
4774 60
4794 61
4833 62
4864 63
4929 64
4954 65
5002 66
5036 67
5060 68
5082 69
5117 70
5156 71
5180 72
5202 73
5227 74
5275 75
5297 76
5324 77
5363 78
5417 79
5445 80
5465 81
5496 82
5526 83
5559 84
5603 85
5627 86
5652 87
5686 88
5704 89
5722 90
5741 91
5768 92
5798 93
5817 94
5839 95
5856 96
5875 97
5905 98
5931 99
5959 100
5988 101
6015 102
6043 103
6074 104
6099 105
6122 106
6143 107
6162 108
6182 109
6208 110
6229 111
6249 112
6275 113
6306 114
6323 115
6351 116
6382 117
6404 118
6423 119
6448 120
6466 121
6489 122
6506 123
6523 124
6542 125
6570 126
6588 127
6610 128
6625 129
6644 130
6660 131
6675 132
6691 133
6710 134
6727 135
6744 136
6759 137
6774 138
6789 139
6810 140
6825 141
6841 142
6859 143
6879 144
6904 145
6920 146
6935 147
6956 148
6972 149
6992 150
7007 151
7022 152
7037 153
7058 154
7074 155
7090 156
7113 157
7128 158
7146 159
7161 160
7185 161
7202 162
7220 163
7238 164
7255 165
7272 166
7290 167
7308 168
7323 169
7341 170
7356 171
7371 172
7389 173
7408 174
7423 175
7438 176
7453 177
7472 178
7488 179
7504 180
7520 181
7540 182
7558 183
7575 184
7590 185
7605 186
7622 187
7641 188
7656 189
7671 190
7688 191
7704 192
7719 193
7736 194
7752 195
7767 196
7783 197
7806 198
7821 199
7836 200
427 1
982 2
1278 3
1354 4
1497 5
1647 6
1705 7
1747 8
1925 9
1973 10
2003 11
2137 12
2183 13
2219 14
2256 15
2348 16
2496 17
2550 18
2611 19
2662 20
2683 21
2787 22
2844 23
2979 24
3024 25
3086 26
3108 27
3167 28
3199 29
3228 30
3366 31
3412 32
3463 33
3570 34
3617 35
3700 36
3733 37
3777 38
3809 39
3866 40
3952 41
3991 42
4060 43
4164 44
4223 45
4245 46
4270 47
4320 48
4359 49
4406 50
4430 51
4462 52
4496 53
4529 54
4559 55
4605 56
4660 57
4699 58
4724 59
4745 60
4772 61
4801 62
4846 63
4875 64
4905 65
4967 66
5001 67
5017 68
5044 69
5079 70
5099 71
5128 72
5164 73
5196 74
5233 75
5252 76
5277 77
5308 78
5345 79
5362 80
5392 81
5428 82
5447 83
5479 84
5535 85
5573 86
5593 87
5615 88
5642 89
5669 90
5689 91
5717 92
5739 93
5763 94
5790 95
5835 96
5865 97
5893 98
5924 99
5945 100
5966 101
5989 102
6015 103
6051 104
6068 105
6094 106
6116 107
6161 108
6177 109
6198 110
6219 111
6237 112
6261 113
6276 114
6297 115
6315 116
6342 117
6363 118
6380 119
6404 120
6435 121
6454 122
6470 123
6487 124
6504 125
6528 126
6543 127
6564 128
6579 129
6594 130
6627 131
6643 132
6662 133
6678 134
6696 135
6713 136
6728 137
6748 138
6768 139
6784 140
6800 141
6833 142
6850 143
6871 144
6888 145
6903 146
6919 147
6935 148
6954 149
6969 150
6985 151
7001 152
7018 153
7035 154
7060 155
7075 156
7090 157
7106 158
7132 159
7151 160
7166 161
7181 162
7196 163
7217 164
7234 165
7258 166
7273 167
7292 168
7309 169
7330 170
7354 171
7372 172
7387 173
7402 174
7420 175
7444 176
7462 177
7482 178
7501 179
7518 180
7539 181
7555 182
7572 183
7590 184
7606 185
7622 186
7637 187
7652 188
7667 189
7682 190
7698 191
7715 192
7730 193
7751 194
7769 195
7784 196
7799 197
7816 198
7831 199
7849 200
881 1
1157 2
1339 3
1577 4
1632 5
1708 6
1749 7
1789 8
1865 9
1968 10
2047 11
2068 12
2125 13
2170 14
2270 15
2431 16
2496 17
2524 18
2667 19
2693 20
2721 21
2768 22
2832 23
2906 24
2975 25
3112 26
3141 27
3164 28
3201 29
3234 30
3287 31
3342 32
3468 33
3558 34
3633 35
3657 36
3696 37
3750 38
3771 39
3792 40
3831 41
3894 42
3984 43
4029 44
4074 45
4101 46
4184 47
4264 48
4327 49
4361 50
4393 51
4419 52
4466 53
4513 54
4541 55
4616 56
4661 57
4684 58
4716 59
4749 60
4772 61
4816 62
4835 63
4858 64
4933 65
4953 66
4983 67
5018 68
5045 69
5077 70
5118 71
5138 72
5167 73
5202 74
5236 75
5267 76
5295 77
5334 78
5375 79
5393 80
5414 81
5438 82
5465 83
5511 84
5536 85
5564 86
5589 87
5616 88
5640 89
5688 90
5709 91
5734 92
5768 93
5821 94
5841 95
5864 96
5887 97
5914 98
5929 99
5956 100
5983 101
6009 102
6032 103
6055 104
6071 105
6088 106
6130 107
6149 108
6172 109
6190 110
6207 111
6250 112
6267 113
6295 114
6317 115
6340 116
6355 117
6370 118
6416 119
6434 120
6469 121
6503 122
6524 123
6553 124
6570 125
6587 126
6603 127
6628 128
6643 129
6660 130
6676 131
6697 132
6723 133
6747 134
6766 135
6783 136
6803 137
6818 138
6833 139
6853 140
6869 141
6884 142
6901 143
6930 144
6947 145
6962 146
6982 147
7000 148
7016 149
7031 150
7047 151
7062 152
7078 153
7096 154
7113 155
7128 156
7144 157
7161 158
7176 159
7194 160
7213 161
7230 162
7246 163
7262 164
7278 165
7294 166
7312 167
7334 168
7350 169
7365 170
7382 171
7397 172
7413 173
7429 174
7445 175
7462 176
7477 177
7493 178
7511 179
7529 180
7545 181
7561 182
7578 183
7594 184
7613 185
7628 186
7649 187
7670 188
7687 189
7708 190
7723 191
7738 192
7753 193
7769 194
7786 195
7803 196
7818 197
7842 198
7864 199
7879 200
358 1
1021 2
1325 3
1447 4
1480 5
1568 6
1630 7
1775 8
1864 9
1993 10
2145 11
2194 12
2214 13
2293 14
2358 15
2490 16
2533 17
2562 18
2700 19
2811 20
2839 21
2873 22
2911 23
2946 24
3058 25
3085 26
3213 27
3242 28
3322 29
3380 30
3423 31
3449 32
3500 33
3637 34
3677 35
3721 36
3789 37
3824 38
3897 39
3926 40
3984 41
4017 42
4045 43
4070 44
4136 45
4183 46
4216 47
4249 48
4311 49
4381 50
4407 51
4437 52
4483 53
4536 54
4561 55
4625 56
4655 57
4676 58
4738 59
4765 60
4795 61
4841 62
4866 63
4895 64
4947 65
4975 66
4997 67
5027 68
5097 69
5129 70
5159 71
5185 72
5206 73
5230 74
5254 75
5275 76
5301 77
5333 78
5361 79
5382 80
5408 81
5436 82
5462 83
5483 84
5514 85
5540 86
5586 87
5621 88
5643 89
5667 90
5687 91
5710 92
5741 93
5761 94
5789 95
5817 96
5855 97
5907 98
5928 99
5953 100
5974 101
6004 102
6028 103
6049 104
6071 105
6090 106
6106 107
6129 108
6155 109
6175 110
6196 111
6215 112
6248 113
6267 114
6297 115
6314 116
6341 117
6365 118
6381 119
6399 120
6415 121
6436 122
6453 123
6470 124
6493 125
6512 126
6527 127
6550 128
6565 129
6585 130
6602 131
6617 132
6634 133
6655 134
6675 135
6691 136
6709 137
6725 138
6742 139
6760 140
6779 141
6797 142
6821 143
6837 144
6852 145
6870 146
6885 147
6902 148
6933 149
6948 150
6965 151
6981 152
6996 153
7012 154
7028 155
7046 156
7063 157
7090 158
7107 159
7122 160
7141 161
7158 162
7189 163
7206 164
7221 165
7239 166
7257 167
7273 168
7290 169
7312 170
7330 171
7347 172
7364 173
7379 174
7401 175
7417 176
7433 177
7452 178
7467 179
7493 180
7510 181
7532 182
7551 183
7571 184
7586 185
7606 186
7626 187
7643 188
7671 189
7686 190
7702 191
7725 192
7743 193
7759 194
7780 195
7798 196
7815 197
7831 198
7848 199
7865 200
361 1
1077 2
1150 3
1458 4
1679 5
1720 6
1750 7
1861 8
1992 9
2054 10
2089 11
2122 12
2161 13
2307 14
2335 15
2495 16
2535 17
2570 18
2617 19
2702 20
2742 21
2832 22
2863 23
2927 24
3024 25
3098 26
3157 27
3179 28
3266 29
3287 30
3346 31
3382 32
3469 33
3501 34
3602 35
3630 36
3677 37
3801 38
3838 39
3888 40
3944 41
3995 42
4020 43
4053 44
4201 45
4229 46
4256 47
4286 48
4318 49
4381 50
4419 51
4439 52
4475 53
4495 54
4523 55
4545 56
4585 57
4626 58
4695 59
4723 60
4751 61
4775 62
4803 63
4821 64
4907 65
4933 66
4960 67
4985 68
5012 69
5036 70
5057 71
5107 72
5148 73
5172 74
5223 75
5255 76
5281 77
5321 78
5349 79
5383 80
5405 81
5431 82
5455 83
5479 84
5497 85
5528 86
5556 87
5584 88
5602 89
5642 90
5666 91
5690 92
5712 93
5735 94
5768 95
5787 96
5811 97
5845 98
5863 99
5886 100
5908 101
5927 102
5948 103
5967 104
5994 105
6012 106
6039 107
6058 108
6074 109
6095 110
6123 111
6164 112
6187 113
6207 114
6226 115
6245 116
6268 117
6299 118
6319 119
6341 120
6356 121
6385 122
6405 123
6425 124
6443 125
6463 126
6514 127
6530 128
6545 129
6561 130
6582 131
6597 132
6621 133
6637 134
6653 135
6668 136
6684 137
6701 138
6727 139
6748 140
6763 141
6778 142
6795 143
6813 144
6830 145
6845 146
6862 147
6877 148
6892 149
6910 150
6925 151
6940 152
6967 153
6995 154
7015 155
7031 156
7048 157
7072 158
7087 159
7102 160
7118 161
7136 162
7156 163
7171 164
7189 165
7205 166
7224 167
7241 168
7260 169
7284 170
7300 171
7321 172
7338 173
7353 174
7369 175
7384 176
7399 177
7414 178
7429 179
7454 180
7476 181
7499 182
7516 183
7537 184
7559 185
7577 186
7592 187
7618 188
7634 189
7650 190
7669 191
7687 192
7707 193
7724 194
7739 195
7758 196
7776 197
7792 198
7808 199
7824 200
414 1
1056 2
1225 3
1376 4
1436 5
1621 6
1663 7
1713 8
1776 9
1871 10
1947 11
1981 12
2064 13
2162 14
2360 15
2420 16
2486 17
2546 18
2657 19
2687 20
2722 21
2752 22
2786 23
2885 24
2919 25
2940 26
3007 27
3071 28
3142 29
3261 30
3352 31
3461 32
3493 33
3530 34
3607 35
3717 36
3800 37
3822 38
3862 39
3888 40
3962 41
4020 42
4057 43
4093 44
4113 45
4216 46
4250 47
4277 48
4319 49
4347 50
4389 51
4422 52
4449 53
4474 54
4531 55
4563 56
4587 57
4610 58
4642 59
4680 60
4746 61
4793 62
4815 63
4850 64
4880 65
4960 66
4991 67
5015 68
5063 69
5103 70
5123 71
5150 72
5178 73
5204 74
5232 75
5261 76
5287 77
5315 78
5337 79
5366 80
5402 81
5428 82
5467 83
5482 84
5518 85
5539 86
5557 87
5578 88
5603 89
5626 90
5650 91
5668 92
5694 93
5712 94
5739 95
5757 96
5782 97
5811 98
5883 99
5900 100
5933 101
5967 102
5991 103
6009 104
6034 105
6050 106
6070 107
6089 108
6123 109
6141 110
6171 111
6190 112
6206 113
6224 114
6250 115
6267 116
6287 117
6305 118
6325 119
6360 120
6379 121
6396 122
6415 123
6435 124
6452 125
6473 126
6495 127
6511 128
6526 129
6541 130
6558 131
6586 132
6601 133
6616 134
6631 135
6648 136
6680 137
6699 138
6714 139
6731 140
6767 141
6790 142
6807 143
6830 144
6845 145
6866 146
6881 147
6899 148
6918 149
6936 150
6952 151
6968 152
6983 153
7000 154
7026 155
7042 156
7073 157
7089 158
7106 159
7124 160
7143 161
7161 162
7180 163
7209 164
7230 165
7246 166
7263 167
7280 168
7298 169
7316 170
7332 171
7351 172
7368 173
7385 174
7405 175
7420 176
7438 177
7459 178
7488 179
7503 180
7523 181
7549 182
7565 183
7580 184
7598 185
7617 186
7632 187
7650 188
7668 189
7689 190
7704 191
7722 192
7737 193
7754 194
7771 195
7795 196
7816 197
7836 198
7853 199
7868 200
498 1
1068 2
1298 3
1552 4
1624 5
1652 6
1915 7
2023 8
2099 9
2140 10
2183 11
2220 12
2245 13
2287 14
2435 15
2462 16
2627 17
2692 18
2733 19
2755 20
2826 21
2850 22
2906 23
2949 24
2980 25
3080 26
3113 27
3167 28
3305 29
3343 30
3368 31
3448 32
3534 33
3580 34
3681 35
3745 36
3812 37
3872 38
3900 39
3921 40
3952 41
3976 42
4012 43
4053 44
4140 45
4181 46
4243 47
4281 48
4308 49
4336 50
4424 51
4451 52
4496 53
4533 54
4586 55
4617 56
4662 57
4705 58
4751 59
4777 60
4794 61
4835 62
4867 63
4900 64
4925 65
4947 66
4997 67
5029 68
5050 69
5076 70
5119 71
5139 72
5177 73
5203 74
5227 75
5252 76
5278 77
5296 78
5319 79
5362 80
5385 81
5417 82
5453 83
5472 84
5498 85
5549 86
5578 87
5606 88
5648 89
5672 90
5705 91
5748 92
5769 93
5796 94
5820 95
5845 96
5888 97
5906 98
5928 99
5954 100
5986 101
6008 102
6025 103
6045 104
6068 105
6096 106
6121 107
6142 108
6164 109
6189 110
6214 111
6237 112
6260 113
6284 114
6314 115
6330 116
6353 117
6376 118
6406 119
6426 120
6445 121
6474 122
6490 123
6517 124
6533 125
6553 126
6570 127
6585 128
6607 129
6623 130
6638 131
6660 132
6675 133
6693 134
6708 135
6724 136
6740 137
6757 138
6772 139
6789 140
6805 141
6820 142
6836 143
6856 144
6874 145
6890 146
6908 147
6924 148
6944 149
6960 150
6980 151
6999 152
7015 153
7030 154
7048 155
7065 156
7083 157
7104 158
7126 159
7141 160
7164 161
7183 162
7198 163
7214 164
7232 165
7247 166
7265 167
7280 168
7296 169
7312 170
7329 171
7346 172
7361 173
7379 174
7394 175
7414 176
7429 177
7446 178
7464 179
7479 180
7496 181
7514 182
7531 183
7546 184
7563 185
7582 186
7597 187
7613 188
7629 189
7644 190
7659 191
7676 192
7693 193
7709 194
7725 195
7744 196
7762 197
7780 198
7800 199
7821 200
429 1
1077 2
1262 3
1426 4
1509 5
1534 6
1810 7
1882 8
1907 9
2045 10
2077 11
2117 12
2293 13
2342 14
2420 15
2447 16
2474 17
2557 18
2689 19
2721 20
2768 21
2864 22
2888 23
2994 24
3059 25
3093 26
3177 27
3244 28
3326 29
3354 30
3422 31
3455 32
3548 33
3568 34
3608 35
3686 36
3727 37
3785 38
3823 39
3845 40
3894 41
3918 42
3947 43
4100 44
4124 45
4142 46
4175 47
4266 48
4345 49
4382 50
4417 51
4449 52
4477 53
4502 54
4538 55
4561 56
4585 57
4666 58
4697 59
4735 60
4762 61
4784 62
4814 63
4842 64
4870 65
4898 66
4982 67
5007 68
5024 69
5054 70
5081 71
5107 72
5138 73
5170 74
5202 75
5251 76
5275 77
5299 78
5343 79
5366 80
5385 81
5427 82
5448 83
5468 84
5493 85
5516 86
5544 87
5581 88
5608 89
5633 90
5657 91
5687 92
5708 93
5731 94
5762 95
5783 96
5809 97
5840 98
5866 99
5891 100
5922 101
5943 102
5961 103
6000 104
6019 105
6037 106
6065 107
6082 108
6103 109
6137 110
6155 111
6174 112
6210 113
6232 114
6248 115
6269 116
6289 117
6306 118
6322 119
6337 120
6364 121
6386 122
6407 123
6426 124
6443 125
6458 126
6480 127
6496 128
6512 129
6527 130
6545 131
6562 132
6593 133
6608 134
6623 135
6639 136
6655 137
6670 138
6685 139
6700 140
6717 141
6735 142
6755 143
6770 144
6785 145
6800 146
6819 147
6836 148
6851 149
6870 150
6893 151
6908 152
6924 153
6953 154
6981 155
6996 156
7011 157
7028 158
7047 159
7062 160
7077 161
7092 162
7112 163
7133 164
7148 165
7172 166
7189 167
7211 168
7230 169
7257 170
7274 171
7292 172
7307 173
7327 174
7342 175
7363 176
7379 177
7400 178
7419 179
7435 180
7451 181
7467 182
7490 183
7515 184
7540 185
7555 186
7572 187
7587 188
7604 189
7621 190
7655 191
7671 192
7687 193
7702 194
7719 195
7738 196
7753 197
7769 198
7786 199
7801 200
413 1
1062 2
1230 3
1421 4
1633 5
1714 6
1816 7
1871 8
1899 9
2032 10
2073 11
2253 12
2278 13
2302 14
2329 15
2354 16
2527 17
2597 18
2636 19
2699 20
2752 21
2811 22
2843 23
2932 24
2995 25
3105 26
3162 27
3227 28
3260 29
3306 30
3473 31
3513 32
3579 33
3616 34
3660 35
3695 36
3754 37
3915 38
3942 39
3997 40
4022 41
4061 42
4141 43
4200 44
4270 45
4321 46
4347 47
4394 48
4416 49
4504 50
4539 51
4563 52
4625 53
4651 54
4701 55
4732 56
4782 57
4842 58
4869 59
4899 60
4925 61
4958 62
4983 63
5004 64
5062 65
5094 66
5158 67
5204 68
5223 69
5252 70
5292 71
5313 72
5333 73
5360 74
5391 75
5424 76
5452 77
5499 78
5522 79
5546 80
5576 81
5596 82
5625 83
5649 84
5672 85
5690 86
5715 87
5742 88
5761 89
5782 90
5813 91
5872 92
5888 93
5915 94
5937 95
5956 96
5978 97
5995 98
6018 99
6054 100
6076 101
6098 102
6114 103
6144 104
6165 105
6187 106
6218 107
6251 108
6266 109
6282 110
6313 111
6330 112
6351 113
6370 114
6394 115
6413 116
6433 117
6453 118
6472 119
6490 120
6507 121
6524 122
6540 123
6555 124
6577 125
6592 126
6609 127
6625 128
6642 129
6658 130
6675 131
6695 132
6712 133
6729 134
6744 135
6762 136
6777 137
6793 138
6808 139
6823 140
6842 141
6858 142
6873 143
6890 144
6906 145
6934 146
6953 147
6977 148
6997 149
7012 150
7027 151
7046 152
7061 153
7080 154
7095 155
7111 156
7130 157
7145 158
7162 159
7193 160
7208 161
7223 162
7245 163
7262 164
7278 165
7293 166
7310 167
7339 168
7355 169
7370 170
7391 171
7408 172
7424 173
7439 174
7454 175
7478 176
7493 177
7516 178
7532 179
7547 180
7572 181
7587 182
7606 183
7624 184
7641 185
7656 186
7674 187
7689 188
7704 189
7722 190
7741 191
7759 192
7774 193
7790 194
7810 195
7826 196
7844 197
7871 198
7888 199
7903 200
402 1
1145 2
1223 3
1387 4
1473 5
1554 6
1638 7
1763 8
1845 9
2002 10
2107 11
2228 12
2261 13
2290 14
2333 15
2353 16
2482 17
2568 18
2610 19
2643 20
2691 21
2765 22
2808 23
2829 24
2865 25
2976 26
3095 27
3160 28
3297 29
3410 30
3442 31
3479 32
3528 33
3548 34
3575 35
3641 36
3721 37
3769 38
3839 39
3901 40
3946 41
4005 42
4031 43
4072 44
4121 45
4173 46
4205 47
4265 48
4293 49
4332 50
4458 51
4488 52
4514 53
4539 54
4565 55
4584 56
4641 57
4674 58
4705 59
4745 60
4772 61
4797 62
4841 63
4868 64
4893 65
4920 66
4951 67
5000 68
5033 69
5074 70
5109 71
5131 72
5156 73
5175 74
5232 75
5261 76
5285 77
5327 78
5352 79
5380 80
5407 81
5446 82
5464 83
5496 84
5524 85
5553 86
5573 87
5592 88
5620 89
5643 90
5661 91
5690 92
5723 93
5749 94
5775 95
5793 96
5810 97
5831 98
5858 99
5893 100
5923 101
5945 102
5967 103
5990 104
6027 105
6056 106
6082 107
6097 108
6121 109
6149 110
6184 111
6199 112
6221 113
6238 114
6264 115
6284 116
6305 117
6320 118
6339 119
6356 120
6375 121
6391 122
6410 123
6431 124
6446 125
6463 126
6481 127
6500 128
6517 129
6533 130
6549 131
6571 132
6586 133
6602 134
6617 135
6635 136
6651 137
6668 138
6683 139
6698 140
6713 141
6731 142
6755 143
6775 144
6791 145
6807 146
6822 147
6838 148
6854 149
6876 150
6892 151
6911 152
6929 153
6948 154
6963 155
6981 156
6998 157
7017 158
7034 159
7051 160
7066 161
7092 162
7109 163
7126 164
7143 165
7173 166
7189 167
7207 168
7225 169
7242 170
7269 171
7284 172
7301 173
7316 174
7331 175
7346 176
7363 177
7382 178
7397 179
7424 180
7457 181
7472 182
7490 183
7508 184
7523 185
7538 186
7556 187
7572 188
7587 189
7603 190
7618 191
7636 192
7653 193
7668 194
7686 195
7701 196
7716 197
7746 198
7761 199
7776 200
456 1
940 2
1205 3
1405 4
1657 5
1703 6
1811 7
1903 8
1969 9
2031 10
2130 11
2195 12
2283 13
2354 14
2378 15
2471 16
2523 17
2558 18
2599 19
2682 20
2843 21
2869 22
2918 23
2941 24
3061 25
3088 26
3121 27
3160 28
3269 29
3401 30
3426 31
3491 32
3517 33
3697 34
3729 35
3762 36
3814 37
3900 38
3940 39
3981 40
4012 41
4051 42
4073 43
4147 44
4196 45
4220 46
4243 47
4286 48
4360 49
4413 50
4444 51
4488 52
4520 53
4547 54
4565 55
4627 56
4672 57
4715 58
4737 59
4768 60
4811 61
4849 62
4873 63
4907 64
4929 65
4947 66
4988 67
5045 68
5083 69
5109 70
5127 71
5149 72
5178 73
5202 74
5232 75
5259 76
5291 77
5325 78
5352 79
5396 80
5430 81
5490 82
5512 83
5543 84
5578 85
5598 86
5622 87
5650 88
5687 89
5705 90
5737 91
5756 92
5777 93
5810 94
5840 95
5856 96
5873 97
5896 98
5925 99
5948 100
5973 101
5988 102
6038 103
6064 104
6093 105
6116 106
6136 107
6173 108
6194 109
6217 110
6251 111
6275 112
6292 113
6311 114
6338 115
6364 116
6382 117
6398 118
6420 119
6437 120
6464 121
6486 122
6514 123
6538 124
6553 125
6570 126
6585 127
6600 128
6616 129
6636 130
6653 131
6668 132
6692 133
6708 134
6733 135
6755 136
6772 137
6787 138
6804 139
6819 140
6836 141
6851 142
6869 143
6889 144
6906 145
6923 146
6939 147
6956 148
6975 149
6996 150
7012 151
7031 152
7048 153
7063 154
7078 155
7097 156
7115 157
7132 158
7147 159
7165 160
7180 161
7206 162
7224 163
7239 164
7254 165
7270 166
7285 167
7318 168
7334 169
7349 170
7364 171
7379 172
7397 173
7413 174
7429 175
7445 176
7460 177
7475 178
7497 179
7515 180
7533 181
7551 182
7567 183
7584 184
7603 185
7622 186
7637 187
7652 188
7667 189
7688 190
7709 191
7725 192
7743 193
7759 194
7776 195
7793 196
7809 197
7827 198
7842 199
7859 200
552 1
1165 2
1431 3
1620 4
1672 5
1697 6
1789 7
1845 8
1904 9
1958 10
2000 11
2075 12
2147 13
2177 14
2319 15
2439 16
2565 17
2638 18
2666 19
2703 20
2772 21
2797 22
2842 23
2965 24
3061 25
3086 26
3119 27
3209 28
3285 29
3354 30
3416 31
3443 32
3488 33
3562 34
3690 35
3715 36
3760 37
3816 38
3838 39
3861 40
3892 41
3989 42
4049 43
4090 44
4149 45
4172 46
4199 47
4235 48
4279 49
4301 50
4354 51
4379 52
4418 53
4446 54
4476 55
4510 56
4581 57
4610 58
4630 59
4660 60
4727 61
4772 62
4802 63
4845 64
4877 65
4925 66
4942 67
4966 68
4984 69
5012 70
5046 71
5090 72
5115 73
5140 74
5167 75
5233 76
5265 77
5285 78
5305 79
5329 80
5360 81
5389 82
5411 83
5443 84
5463 85
5492 86
5546 87
5565 88
5584 89
5599 90
5631 91
5649 92
5674 93
5693 94
5716 95
5733 96
5758 97
5782 98
5820 99
5858 100
5880 101
5896 102
5921 103
5952 104
5989 105
6012 106
6041 107
6066 108
6085 109
6105 110
6128 111
6149 112
6164 113
6190 114
6211 115
6229 116
6250 117
6269 118
6289 119
6305 120
6330 121
6347 122
6365 123
6381 124
6401 125
6421 126
6436 127
6451 128
6467 129
6484 130
6515 131
6534 132
6552 133
6568 134
6584 135
6601 136
6616 137
6636 138
6652 139
6668 140
6684 141
6702 142
6718 143
6733 144
6749 145
6764 146
6779 147
6795 148
6813 149
6829 150
6853 151
6871 152
6889 153
6905 154
6922 155
6944 156
6959 157
6979 158
6995 159
7010 160
7025 161
7041 162
7058 163
7073 164
7090 165
7105 166
7120 167
7144 168
7159 169
7176 170
7193 171
7210 172
7228 173
7253 174
7269 175
7286 176
7312 177
7327 178
7343 179
7359 180
7374 181
7390 182
7405 183
7421 184
7445 185
7462 186
7480 187
7495 188
7512 189
7527 190
7542 191
7557 192
7573 193
7591 194
7607 195
7630 196
7648 197
7663 198
7678 199
7693 200
525 1
1059 2
1183 3
1303 4
1625 5
1713 6
1744 7
1780 8
1832 9
1913 10
1969 11
2035 12
2068 13
2109 14
2131 15
2291 16
2319 17
2424 18
2537 19
2613 20
2658 21
2697 22
2806 23
2832 24
2889 25
2981 26
3010 27
3031 28
3063 29
3096 30
3119 31
3146 32
3284 33
3313 34
3431 35
3499 36
3581 37
3638 38
3679 39
3708 40
3729 41
3801 42
3876 43
4023 44
4047 45
4072 46
4139 47
4170 48
4194 49
4229 50
4291 51
4329 52
4356 53
4409 54
4480 55
4523 56
4544 57
4598 58
4623 59
4653 60
4701 61
4749 62
4787 63
4809 64
4843 65
4875 66
4902 67
4938 68
4991 69
5032 70
5058 71
5096 72
5137 73
5187 74
5203 75
5227 76
5246 77
5277 78
5299 79
5346 80
5365 81
5386 82
5428 83
5460 84
5490 85
5514 86
5534 87
5567 88
5597 89
5630 90
5656 91
5678 92
5705 93
5745 94
5764 95
5791 96
5819 97
5859 98
5880 99
5910 100
5933 101
5953 102
5980 103
5997 104
6026 105
6059 106
6084 107
6104 108
6130 109
6161 110
6183 111
6203 112
6221 113
6240 114
6259 115
6274 116
6300 117
6322 118
6342 119
6369 120
6389 121
6408 122
6444 123
6462 124
6480 125
6499 126
6524 127
6545 128
6567 129
6589 130
6604 131
6634 132
6649 133
6664 134
6682 135
6697 136
6716 137
6731 138
6752 139
6768 140
6783 141
6798 142
6813 143
6830 144
6847 145
6863 146
6883 147
6900 148
6925 149
6943 150
6960 151
6981 152
7000 153
7026 154
7042 155
7059 156
7075 157
7092 158
7113 159
7131 160
7147 161
7166 162
7192 163
7213 164
7228 165
7247 166
7262 167
7280 168
7295 169
7313 170
7332 171
7347 172
7362 173
7377 174
7392 175
7408 176
7425 177
7440 178
7456 179
7471 180
7488 181
7505 182
7522 183
7537 184
7554 185
7569 186
7584 187
7600 188
7615 189
7632 190
7649 191
7666 192
7681 193
7696 194
7720 195
7739 196
7755 197
7776 198
7791 199
7806 200
975 1
1183 2
1522 3
1621 4
1647 5
1686 6
1731 7
1772 8
1919 9
2043 10
2110 11
2193 12
2246 13
2374 14
2405 15
2442 16
2509 17
2601 18
2703 19
2754 20
2806 21
2865 22
2892 23
2953 24
2992 25
3053 26
3128 27
3192 28
3293 29
3337 30
3358 31
3452 32
3537 33
3577 34
3648 35
3721 36
3755 37
3794 38
3845 39
3874 40
3906 41
3961 42
3989 43
4110 44
4173 45
4225 46
4260 47
4301 48
4326 49
4384 50
4403 51
4436 52
4476 53
4518 54
4540 55
4579 56
4641 57
4672 58
4707 59
4741 60
4772 61
4809 62
4836 63
4868 64
4909 65
4941 66
4969 67
4993 68
5026 69
5076 70
5105 71
5142 72
5167 73
5190 74
5208 75
5238 76
5260 77
5301 78
5324 79
5347 80
5372 81
5396 82
5420 83
5442 84
5471 85
5492 86
5530 87
5555 88
5589 89
5608 90
5648 91
5666 92
5691 93
5723 94
5749 95
5771 96
5795 97
5816 98
5838 99
5855 100
5890 101
5914 102
5940 103
5967 104
5996 105
6029 106
6044 107
6074 108
6097 109
6120 110
6164 111
6180 112
6210 113
6238 114
6275 115
6302 116
6322 117
6343 118
6365 119
6388 120
6408 121
6426 122
6452 123
6471 124
6496 125
6513 126
6530 127
6550 128
6565 129
6588 130
6604 131
6619 132
6634 133
6651 134
6667 135
6682 136
6702 137
6717 138
6732 139
6750 140
6766 141
6784 142
6804 143
6830 144
6845 145
6861 146
6878 147
6893 148
6908 149
6924 150
6941 151
6960 152
6977 153
6992 154
7013 155
7029 156
7047 157
7065 158
7087 159
7103 160
7121 161
7138 162
7155 163
7175 164
7192 165
7209 166
7240 167
7257 168
7272 169
7290 170
7307 171
7327 172
7345 173
7360 174
7376 175
7391 176
7408 177
7423 178
7440 179
7457 180
7479 181
7496 182
7515 183
7530 184
7549 185
7566 186
7586 187
7601 188
7617 189
7635 190
7652 191
7668 192
7685 193
7703 194
7718 195
7735 196
7754 197
7769 198
7788 199
7804 200
393 1
1266 2
1315 3
1572 4
1646 5
1678 6
1714 7
1772 8
1969 9
2047 10
2220 11
2248 12
2301 13
2428 14
2455 15
2507 16
2531 17
2613 18
2722 19
2747 20
2854 21
2935 22
2960 23
2987 24
3010 25
3035 26
3078 27
3260 28
3312 29
3343 30
3379 31
3409 32
3447 33
3489 34
3516 35
3617 36
3683 37
3737 38
3759 39
3796 40
3841 41
3880 42
4035 43
4134 44
4190 45
4212 46
4241 47
4268 48
4306 49
4362 50
4420 51
4455 52
4479 53
4505 54
4527 55
4574 56
4604 57
4644 58
4713 59
4751 60
4779 61
4819 62
4881 63
4917 64
4953 65
5005 66
5061 67
5100 68
5122 69
5163 70
5191 71
5213 72
5234 73
5264 74
5286 75
5304 76
5325 77
5378 78
5411 79
5435 80
5458 81
5493 82
5520 83
5555 84
5577 85
5626 86
5660 87
5680 88
5704 89
5726 90
5751 91
5782 92
5803 93
5831 94
5856 95
5881 96
5905 97
5927 98
5942 99
5965 100
5985 101
6005 102
6028 103
6043 104
6064 105
6094 106
6112 107
6139 108
6164 109
6185 110
6204 111
6220 112
6237 113
6262 114
6290 115
6307 116
6330 117
6352 118
6375 119
6403 120
6426 121
6449 122
6470 123
6489 124
6519 125
6535 126
6554 127
6571 128
6586 129
6603 130
6620 131
6636 132
6657 133
6673 134
6689 135
6707 136
6722 137
6738 138
6755 139
6770 140
6786 141
6802 142
6820 143
6835 144
6852 145
6873 146
6891 147
6906 148
6925 149
6941 150
6956 151
6971 152
6988 153
7004 154
7020 155
7039 156
7056 157
7073 158
7090 159
7105 160
7126 161
7143 162
7163 163
7179 164
7196 165
7221 166
7239 167
7255 168
7270 169
7285 170
7302 171
7317 172
7332 173
7348 174
7363 175
7383 176
7401 177
7416 178
7432 179
7447 180
7465 181
7493 182
7511 183
7526 184
7545 185
7570 186
7594 187
7613 188
7628 189
7654 190
7669 191
7684 192
7699 193
7718 194
7742 195
7758 196
7773 197
7788 198
7808 199
7827 200
537 1
1084 2
1300 3
1435 4
1526 5
1599 6
1632 7
1899 8
1948 9
2032 10
2284 11
2351 12
2419 13
2446 14
2512 15
2571 16
2634 17
2680 18
2709 19
2788 20
2862 21
2961 22
3064 23
3090 24
3127 25
3165 26
3201 27
3233 28
3346 29
3392 30
3443 31
3467 32
3495 33
3586 34
3689 35
3747 36
3812 37
3871 38
3942 39
3959 40
4006 41
4139 42
4171 43
4231 44
4264 45
4293 46
4327 47
4353 48
4376 49
4400 50
4432 51
4456 52
4486 53
4539 54
4570 55
4597 56
4619 57
4650 58
4674 59
4752 60
4781 61
4826 62
4873 63
4893 64
4918 65
4942 66
4984 67
5019 68
5040 69
5094 70
5132 71
5161 72
5198 73
5234 74
5254 75
5277 76
5320 77
5339 78
5366 79
5392 80
5450 81
5471 82
5495 83
5529 84
5544 85
5571 86
5596 87
5615 88
5636 89
5655 90
5679 91
5701 92
5731 93
5753 94
5780 95
5801 96
5828 97
5848 98
5877 99
5896 100
5926 101
5949 102
5972 103
5992 104
6022 105
6043 106
6067 107
6082 108
6103 109
6121 110
6138 111
6163 112
6191 113
6207 114
6230 115
6248 116
6271 117
6289 118
6305 119
6333 120
6362 121
6383 122
6402 123
6419 124
6435 125
6450 126
6478 127
6495 128
6510 129
6538 130
6556 131
6580 132
6596 133
6612 134
6631 135
6647 136
6665 137
6680 138
6697 139
6714 140
6729 141
6747 142
6763 143
6778 144
6793 145
6814 146
6831 147
6847 148
6862 149
6879 150
6896 151
6913 152
6929 153
6950 154
6966 155
6985 156
7003 157
7028 158
7043 159
7058 160
7075 161
7090 162
7105 163
7120 164
7136 165
7152 166
7184 167
7206 168
7221 169
7240 170
7255 171
7274 172
7292 173
7311 174
7336 175
7354 176
7369 177
7384 178
7401 179
7417 180
7434 181
7453 182
7468 183
7483 184
7498 185
7515 186
7532 187
7548 188
7580 189
7598 190
7617 191
7640 192
7655 193
7680 194
7697 195
7712 196
7730 197
7745 198
7762 199
7778 200
511 1
1021 2
1115 3
1455 4
1604 5
1645 6
1697 7
1809 8
1957 9
1990 10
2044 11
2097 12
2250 13
2322 14
2378 15
2413 16
2436 17
2465 18
2502 19
2526 20
2548 21
2725 22
2797 23
2820 24
2930 25
2968 26
3034 27
3239 28
3300 29
3321 30
3350 31
3392 32
3459 33
3514 34
3535 35
3557 36
3653 37
3676 38
3847 39
3876 40
3903 41
3943 42
3979 43
4079 44
4112 45
4145 46
4208 47
4318 48
4349 49
4380 50
4406 51
4436 52
4464 53
4519 54
4564 55
4611 56
4634 57
4710 58
4737 59
4782 60
4809 61
4839 62
4857 63
4889 64
4921 65
4951 66
4974 67
5003 68
5027 69
5058 70
5078 71
5111 72
5135 73
5161 74
5203 75
5232 76
5272 77
5298 78
5364 79
5391 80
5422 81
5443 82
5479 83
5516 84
5538 85
5560 86
5583 87
5621 88
5641 89
5665 90
5696 91
5716 92
5750 93
5768 94
5794 95
5818 96
5833 97
5858 98
5877 99
5895 100
5927 101
5951 102
5973 103
5995 104
6019 105
6054 106
6083 107
6106 108
6125 109
6142 110
6162 111
6180 112
6201 113
6220 114
6240 115
6265 116
6294 117
6316 118
6332 119
6347 120
6365 121
6385 122
6409 123
6427 124
6443 125
6471 126
6490 127
6505 128
6531 129
6547 130
6572 131
6603 132
6621 133
6636 134
6652 135
6668 136
6683 137
6702 138
6718 139
6735 140
6753 141
6773 142
6789 143
6804 144
6821 145
6840 146
6855 147
6873 148
6895 149
6916 150
6933 151
6952 152
6968 153
6987 154
7010 155
7025 156
7040 157
7055 158
7070 159
7085 160
7103 161
7121 162
7136 163
7152 164
7169 165
7192 166
7208 167
7223 168
7242 169
7258 170
7274 171
7289 172
7307 173
7322 174
7338 175
7355 176
7373 177
7391 178
7415 179
7430 180
7446 181
7462 182
7481 183
7497 184
7512 185
7536 186
7551 187
7567 188
7583 189
7600 190
7617 191
7633 192
7649 193
7665 194
7682 195
7698 196
7715 197
7730 198
7752 199
7767 200
422 1
1121 2
1382 3
1446 4
1545 5
1681 6
1737 7
1878 8
1929 9
1977 10
2057 11
2115 12
2209 13
2325 14
2443 15
2564 16
2589 17
2619 18
2638 19
2769 20
2845 21
2879 22
2910 23
3009 24
3032 25
3050 26
3097 27
3134 28
3185 29
3240 30
3319 31
3482 32
3521 33
3574 34
3601 35
3665 36
3760 37
3831 38
3869 39
3896 40
3937 41
4021 42
4074 43
4150 44
4180 45
4331 46
4378 47
4404 48
4427 49
4447 50
4527 51
4554 52
4594 53
4615 54
4644 55
4663 56
4702 57
4764 58
4795 59
4834 60
4852 61
4878 62
4905 63
4928 64
4990 65
5044 66
5078 67
5106 68
5151 69
5187 70
5210 71
5235 72
5267 73
5293 74
5316 75
5339 76
5374 77
5402 78
5436 79
5469 80
5496 81
5521 82
5561 83
5579 84
5596 85
5615 86
5636 87
5655 88
5677 89
5722 90
5743 91
5769 92
5793 93
5828 94
5859 95
5884 96
5907 97
5934 98
5962 99
5988 100
6008 101
6039 102
6056 103
6078 104
6096 105
6118 106
6143 107
6167 108
6189 109
6214 110
6238 111
6274 112
6295 113
6314 114
6340 115
6360 116
6394 117
6417 118
6439 119
6461 120
6476 121
6491 122
6514 123
6531 124
6552 125
6577 126
6596 127
6613 128
6631 129
6648 130
6665 131
6688 132
6703 133
6737 134
6754 135
6769 136
6793 137
6816 138
6834 139
6851 140
6870 141
6887 142
6903 143
6918 144
6937 145
6958 146
6973 147
6990 148
7014 149
7029 150
7044 151
7059 152
7076 153
7092 154
7107 155
7122 156
7139 157
7154 158
7173 159
7188 160
7205 161
7221 162
7238 163
7258 164
7274 165
7289 166
7304 167
7321 168
7341 169
7361 170
7379 171
7398 172
7413 173
7429 174
7447 175
7463 176
7479 177
7509 178
7525 179
7546 180
7565 181
7593 182
7610 183
7625 184
7640 185
7655 186
7670 187
7686 188
7713 189
7728 190
7743 191
7758 192
7778 193
7794 194
7809 195
7833 196
7848 197
7871 198
7886 199
7914 200
332 1
1101 2
1307 3
1527 4
1590 5
1666 6
1815 7
1910 8
1941 9
2061 10
2097 11
2248 12
2284 13
2309 14
2497 15
2573 16
2596 17
2716 18
2796 19
2820 20
2876 21
2947 22
2972 23
3039 24
3070 25
3102 26
3159 27
3345 28
3379 29
3476 30
3539 31
3568 32
3598 33
3636 34
3673 35
3699 36
3735 37
3840 38
3873 39
3898 40
4073 41
4102 42
4145 43
4177 44
4201 45
4264 46
4319 47
4364 48
4424 49
4465 50
4508 51
4542 52
4604 53
4628 54
4654 55
4695 56
4712 57
4756 58
4780 59
4818 60
4843 61
4898 62
4952 63
5008 64
5036 65
5057 66
5082 67
5109 68
5137 69
5157 70
5197 71
5218 72
5247 73
5293 74
5318 75
5334 76
5355 77
5391 78
5417 79
5447 80
5476 81
5497 82
5523 83
5543 84
5565 85
5607 86
5635 87
5666 88
5694 89
5725 90
5760 91
5786 92
5808 93
5826 94
5857 95
5874 96
5898 97
5939 98
5962 99
5982 100
5998 101
6021 102
6044 103
6066 104
6097 105
6112 106
6136 107
6163 108
6181 109
6211 110
6232 111
6250 112
6265 113
6281 114
6308 115
6335 116
6354 117
6385 118
6402 119
6426 120
6446 121
6465 122
6481 123
6496 124
6517 125
6533 126
6552 127
6571 128
6588 129
6604 130
6620 131
6635 132
6651 133
6671 134
6686 135
6701 136
6724 137
6741 138
6760 139
6776 140
6793 141
6810 142
6826 143
6843 144
6859 145
6874 146
6889 147
6908 148
6924 149
6944 150
6959 151
6977 152
6995 153
7010 154
7025 155
7044 156
7060 157
7076 158
7095 159
7112 160
7127 161
7143 162
7158 163
7173 164
7188 165
7208 166
7224 167
7239 168
7266 169
7290 170
7308 171
7323 172
7340 173
7355 174
7374 175
7391 176
7409 177
7425 178
7441 179
7462 180
7487 181
7502 182
7517 183
7535 184
7552 185
7569 186
7586 187
7603 188
7622 189
7649 190
7666 191
7681 192
7701 193
7717 194
7735 195
7751 196
7766 197
7782 198
7797 199
7812 200
440 1
1106 2
1346 3
1429 4
1572 5
1676 6
1740 7
1815 8
1883 9
1937 10
2026 11
2048 12
2070 13
2380 14
2406 15
2459 16
2564 17
2619 18
2683 19
2735 20
2759 21
2858 22
2901 23
2929 24
2959 25
2990 26
3148 27
3295 28
3321 29
3352 30
3388 31
3456 32
3554 33
3580 34
3681 35
3713 36
3746 37
3828 38
3895 39
3932 40
3963 41
3995 42
4077 43
4135 44
4178 45
4217 46
4282 47
4389 48
4419 49
4468 50
4506 51
4532 52
4574 53
4594 54
4661 55
4689 56
4711 57
4745 58
4783 59
4825 60
4869 61
4891 62
4928 63
4968 64
4993 65
5020 66
5048 67
5089 68
5111 69
5132 70
5166 71
5213 72
5258 73
5283 74
5328 75
5347 76
5378 77
5403 78
5435 79
5469 80
5494 81
5518 82
5541 83
5568 84
5591 85
5613 86
5639 87
5661 88
5686 89
5710 90
5732 91
5767 92
5788 93
5834 94
5856 95
5875 96
5910 97
5936 98
5955 99
5981 100
6000 101
6023 102
6044 103
6072 104
6095 105
6120 106
6142 107
6165 108
6184 109
6207 110
6228 111
6245 112
6273 113
6298 114
6319 115
6335 116
6358 117
6373 118
6391 119
6413 120
6429 121
6446 122
6463 123
6478 124
6500 125
6515 126
6530 127
6548 128
6563 129
6586 130
6607 131
6626 132
6644 133
6662 134
6681 135
6697 136
6723 137
6741 138
6756 139
6772 140
6793 141
6809 142
6826 143
6843 144
6859 145
6874 146
6891 147
6906 148
6924 149
6941 150
6956 151
6972 152
6993 153
7011 154
7027 155
7049 156
7068 157
7083 158
7101 159
7118 160
7133 161
7148 162
7166 163
7182 164
7201 165
7232 166
7247 167
7262 168
7279 169
7295 170
7310 171
7333 172
7348 173
7364 174
7383 175
7398 176
7415 177
7430 178
7448 179
7467 180
7490 181
7510 182
7528 183
7545 184
7563 185
7581 186
7602 187
7622 188
7644 189
7661 190
7678 191
7694 192
7709 193
7726 194
7743 195
7764 196
7779 197
7805 198
7820 199
7835 200
456 1
1093 2
1248 3
1481 4
1526 5
1655 6
1821 7
1926 8
2018 9
2076 10
2105 11
2176 12
2208 13
2263 14
2324 15
2359 16
2439 17
2557 18
2604 19
2666 20
2697 21
2752 22
2781 23
2808 24
2866 25
3023 26
3091 27
3192 28
3229 29
3257 30
3353 31
3440 32
3463 33
3511 34
3540 35
3635 36
3702 37
3739 38
3777 39
3828 40
3889 41
3956 42
4015 43
4112 44
4133 45
4166 46
4206 47
4246 48
4270 49
4307 50
4338 51
4365 52
4435 53
4481 54
4557 55
4591 56
4614 57
4646 58
4688 59
4718 60
4758 61
4804 62
4842 63
4862 64
4890 65
4909 66
4939 67
4960 68
4979 69
5009 70
5038 71
5059 72
5107 73
5156 74
5198 75
5283 76
5306 77
5331 78
5360 79
5382 80
5406 81
5441 82
5460 83
5485 84
5517 85
5541 86
5565 87
5603 88
5639 89
5664 90
5690 91
5713 92
5737 93
5760 94
5779 95
5808 96
5832 97
5859 98
5879 99
5897 100
5919 101
5947 102
5968 103
6003 104
6024 105
6051 106
6066 107
6085 108
6114 109
6137 110
6161 111
6215 112
6230 113
6253 114
6278 115
6295 116
6313 117
6342 118
6358 119
6375 120
6398 121
6421 122
6438 123
6463 124
6488 125
6510 126
6526 127
6541 128
6558 129
6573 130
6591 131
6607 132
6628 133
6645 134
6664 135
6691 136
6706 137
6726 138
6744 139
6761 140
6780 141
6798 142
6825 143
6843 144
6861 145
6881 146
6896 147
6917 148
6932 149
6948 150
6978 151
7003 152
7038 153
7055 154
7072 155
7089 156
7104 157
7119 158
7134 159
7149 160
7184 161
7199 162
7216 163
7231 164
7246 165
7262 166
7277 167
7292 168
7310 169
7326 170
7342 171
7365 172
7381 173
7396 174
7411 175
7428 176
7443 177
7458 178
7475 179
7490 180
7506 181
7522 182
7539 183
7559 184
7578 185
7597 186
7619 187
7634 188
7649 189
7664 190
7681 191
7699 192
7714 193
7729 194
7752 195
7767 196
7791 197
7807 198
7825 199
7842 200
429 1
1142 2
1330 3
1531 4
1577 5
1691 6
1728 7
1788 8
1867 9
1974 10
2084 11
2216 12
2261 13
2284 14
2400 15
2536 16
2614 17
2670 18
2723 19
2790 20
2819 21
2846 22
2896 23
2916 24
3055 25
3086 26
3186 27
3218 28
3252 29
3301 30
3358 31
3506 32
3641 33
3687 34
3784 35
3817 36
3842 37
3875 38
3921 39
3947 40
3987 41
4057 42
4150 43
4193 44
4227 45
4297 46
4341 47
4403 48
4435 49
4497 50
4541 51
4563 52
4599 53
4630 54
4652 55
4711 56
4737 57
4756 58
4797 59
4820 60
4856 61
4893 62
4933 63
4955 64
5002 65
5035 66
5071 67
5093 68
5131 69
5154 70
5188 71
5214 72
5232 73
5264 74
5283 75
5306 76
5335 77
5390 78
5416 79
5435 80
5509 81
5534 82
5551 83
5581 84
5609 85
5641 86
5666 87
5687 88
5718 89
5750 90
5782 91
5814 92
5838 93
5859 94
5885 95
5908 96
5928 97
5943 98
5973 99
6004 100
6025 101
6049 102
6086 103
6108 104
6137 105
6158 106
6174 107
6193 108
6220 109
6244 110
6268 111
6297 112
6318 113
6346 114
6369 115
6390 116
6423 117
6442 118
6462 119
6482 120
6504 121
6519 122
6539 123
6563 124
6580 125
6597 126
6619 127
6637 128
6655 129
6672 130
6688 131
6707 132
6722 133
6737 134
6752 135
6769 136
6785 137
6801 138
6818 139
6849 140
6867 141
6888 142
6903 143
6920 144
6936 145
6967 146
6985 147
7000 148
7016 149
7035 150
7057 151
7074 152
7098 153
7113 154
7129 155
7148 156
7164 157
7179 158
7196 159
7212 160
7227 161
7242 162
7262 163
7279 164
7295 165
7310 166
7329 167
7346 168
7361 169
7379 170
7394 171
7410 172
7425 173
7442 174
7460 175
7477 176
7495 177
7512 178
7527 179
7543 180
7564 181
7580 182
7599 183
7618 184
7634 185
7650 186
7669 187
7690 188
7710 189
7728 190
7744 191
7759 192
7776 193
7794 194
7813 195
7829 196
7847 197
7862 198
7879 199
7896 200
421 1
1120 2
1367 3
1418 4
1515 5
1617 6
1709 7
1774 8
1892 9
1937 10
1996 11
2067 12
2142 13
2173 14
2452 15
2543 16
2597 17
2626 18
2651 19
2758 20
2790 21
2813 22
2882 23
2975 24
3015 25
3104 26
3144 27
3200 28
3255 29
3387 30
3416 31
3442 32
3468 33
3611 34
3662 35
3696 36
3738 37
3792 38
3870 39
3965 40
4011 41
4031 42
4063 43
4132 44
4173 45
4191 46
4222 47
4258 48
4283 49
4308 50
4362 51
4394 52
4440 53
4479 54
4514 55
4539 56
4584 57
4616 58
4649 59
4710 60
4744 61
4784 62
4809 63
4838 64
4887 65
4935 66
4960 67
5013 68
5032 69
5067 70
5086 71
5117 72
5138 73
5172 74
5212 75
5243 76
5263 77
5287 78
5327 79
5355 80
5391 81
5422 82
5450 83
5486 84
5539 85
5566 86
5594 87
5617 88
5641 89
5681 90
5707 91
5728 92
5753 93
5790 94
5807 95
5827 96
5862 97
5882 98
5914 99
5933 100
5948 101
5971 102
6008 103
6034 104
6057 105
6077 106
6099 107
6118 108
6147 109
6190 110
6211 111
6235 112
6266 113
6286 114
6305 115
6334 116
6360 117
6381 118
6401 119
6427 120
6442 121
6460 122
6486 123
6511 124
6528 125
6548 126
6576 127
6597 128
6617 129
6632 130
6648 131
6668 132
6683 133
6701 134
6718 135
6739 136
6756 137
6773 138
6790 139
6806 140
6821 141
6846 142
6870 143
6885 144
6900 145
6917 146
6932 147
6954 148
6972 149
6993 150
7009 151
7031 152
7049 153
7065 154
7080 155
7098 156
7113 157
7128 158
7148 159
7163 160
7180 161
7197 162
7214 163
7238 164
7253 165
7270 166
7285 167
7309 168
7325 169
7344 170
7361 171
7381 172
7398 173
7414 174
7434 175
7449 176
7464 177
7479 178
7496 179
7514 180
7531 181
7547 182
7563 183
7581 184
7596 185
7612 186
7631 187
7647 188
7669 189
7688 190
7704 191
7722 192
7737 193
7752 194
7767 195
7788 196
7803 197
7819 198
7847 199
7876 200
875 1
1058 2
1268 3
1554 4
1572 5
1624 6
1704 7
1822 8
1923 9
2028 10
2112 11
2225 12
2270 13
2299 14
2460 15
2485 16
2512 17
2606 18
2636 19
2695 20
2817 21
2838 22
2884 23
2963 24
3032 25
3111 26
3191 27
3246 28
3343 29
3368 30
3408 31
3478 32
3512 33
3535 34
3567 35
3598 36
3673 37
3718 38
3796 39
3814 40
3882 41
3993 42
4061 43
4103 44
4133 45
4162 46
4207 47
4238 48
4268 49
4320 50
4371 51
4404 52
4440 53
4475 54
4501 55
4547 56
4578 57
4600 58
4624 59
4726 60
4751 61
4779 62
4806 63
4838 64
4870 65
4903 66
4943 67
4959 68
4989 69
5029 70
5048 71
5081 72
5151 73
5177 74
5204 75
5227 76
5283 77
5302 78
5332 79
5370 80
5392 81
5444 82
5471 83
5530 84
5553 85
5572 86
5592 87
5617 88
5661 89
5706 90
5733 91
5757 92
5785 93
5807 94
5832 95
5853 96
5878 97
5897 98
5919 99
5941 100
5966 101
5990 102
6017 103
6038 104
6067 105
6093 106
6113 107
6139 108
6160 109
6179 110
6216 111
6232 112
6260 113
6279 114
6305 115
6328 116
6348 117
6367 118
6389 119
6406 120
6429 121
6445 122
6476 123
6501 124
6519 125
6534 126
6552 127
6581 128
6602 129
6622 130
6642 131
6668 132
6688 133
6709 134
6730 135
6745 136
6761 137
6782 138
6797 139
6812 140
6834 141
6851 142
6868 143
6885 144
6901 145
6916 146
6933 147
6948 148
6963 149
6978 150
6993 151
7008 152
7027 153
7058 154
7073 155
7091 156
7110 157
7125 158
7143 159
7166 160
7181 161
7196 162
7215 163
7230 164
7245 165
7266 166
7290 167
7307 168
7324 169
7345 170
7365 171
7382 172
7403 173
7423 174
7441 175
7457 176
7472 177
7488 178
7504 179
7519 180
7549 181
7577 182
7592 183
7607 184
7625 185
7642 186
7657 187
7680 188
7695 189
7714 190
7732 191
7747 192
7768 193
7793 194
7808 195
7826 196
7842 197
7858 198
7874 199
7891 200
431 1
1123 2
1284 3
1429 4
1658 5
1705 6
1787 7
1839 8
1987 9
2024 10
2204 11
2236 12
2324 13
2363 14
2440 15
2468 16
2507 17
2555 18
2620 19
2695 20
2810 21
2879 22
2942 23
3005 24
3052 25
3088 26
3117 27
3185 28
3262 29
3292 30
3313 31
3373 32
3422 33
3514 34
3607 35
3716 36
3736 37
3768 38
3845 39
3870 40
3939 41
3983 42
4014 43
4079 44
4136 45
4162 46
4235 47
4273 48
4340 49
4372 50
4408 51
4468 52
4510 53
4557 54
4587 55
4615 56
4684 57
4722 58
4745 59
4767 60
4793 61
4820 62
4842 63
4910 64
4970 65
4997 66
5026 67
5048 68
5081 69
5099 70
5119 71
5152 72
5180 73
5201 74
5239 75
5272 76
5296 77
5345 78
5365 79
5384 80
5414 81
5441 82
5462 83
5490 84
5521 85
5539 86
5563 87
5590 88
5609 89
5629 90
5654 91
5688 92
5721 93
5749 94
5770 95
5802 96
5823 97
5850 98
5872 99
5905 100
5930 101
5950 102
5973 103
5999 104
6021 105
6037 106
6064 107
6084 108
6101 109
6126 110
6161 111
6192 112
6213 113
6237 114
6255 115
6270 116
6300 117
6329 118
6363 119
6387 120
6402 121
6429 122
6449 123
6466 124
6483 125
6509 126
6525 127
6550 128
6570 129
6587 130
6615 131
6632 132
6649 133
6666 134
6681 135
6699 136
6716 137
6731 138
6746 139
6761 140
6777 141
6798 142
6813 143
6829 144
6855 145
6870 146
6893 147
6908 148
6927 149
6945 150
6962 151
6978 152
7005 153
7022 154
7039 155
7056 156
7074 157
7089 158
7120 159
7145 160
7165 161
7180 162
7196 163
7213 164
7228 165
7243 166
7258 167
7282 168
7298 169
7313 170
7330 171
7345 172
7361 173
7379 174
7395 175
7411 176
7427 177
7442 178
7459 179
7476 180
7495 181
7511 182
7526 183
7542 184
7558 185
7577 186
7592 187
7608 188
7627 189
7644 190
7660 191
7675 192
7691 193
7711 194
7729 195
7751 196
7768 197
7785 198
7803 199
7822 200
482 1
1028 2
1332 3
1528 4
1620 5
1694 6
1727 7
1825 8
1884 9
1963 10
1990 11
2202 12
2262 13
2434 14
2484 15
2530 16
2571 17
2596 18
2628 19
2699 20
2724 21
2756 22
2792 23
2843 24
2874 25
2916 26
2940 27
3107 28
3197 29
3222 30
3276 31
3335 32
3406 33
3547 34
3647 35
3677 36
3702 37
3799 38
3853 39
3887 40
3909 41
3978 42
4006 43
4044 44
4089 45
4143 46
4199 47
4231 48
4360 49
4403 50
4423 51
4492 52
4536 53
4600 54
4624 55
4653 56
4697 57
4733 58
4759 59
4791 60
4820 61
4843 62
4883 63
4915 64
4939 65
5003 66
5049 67
5074 68
5095 69
5119 70
5145 71
5185 72
5237 73
5271 74
5311 75
5335 76
5366 77
5388 78
5412 79
5433 80
5465 81
5492 82
5519 83
5536 84
5554 85
5591 86
5618 87
5648 88
5671 89
5696 90
5721 91
5742 92
5764 93
5795 94
5822 95
5843 96
5864 97
5907 98
5935 99
5955 100
5982 101
6011 102
6034 103
6061 104
6084 105
6102 106
6123 107
6147 108
6176 109
6195 110
6230 111
6252 112
6268 113
6289 114
6311 115
6326 116
6354 117
6369 118
6390 119
6415 120
6441 121
6457 122
6474 123
6500 124
6520 125
6535 126
6557 127
6575 128
6593 129
6609 130
6625 131
6645 132
6665 133
6687 134
6707 135
6724 136
6742 137
6759 138
6778 139
6794 140
6812 141
6831 142
6849 143
6869 144
6889 145
6904 146
6924 147
6939 148
6956 149
6979 150
6995 151
7010 152
7028 153
7044 154
7061 155
7078 156
7095 157
7113 158
7130 159
7155 160
7176 161
7195 162
7212 163
7227 164
7242 165
7260 166
7281 167
7298 168
7314 169
7335 170
7350 171
7367 172
7382 173
7397 174
7412 175
7428 176
7446 177
7461 178
7476 179
7492 180
7515 181
7532 182
7549 183
7564 184
7584 185
7601 186
7619 187
7634 188
7667 189
7682 190
7700 191
7715 192
7740 193
7755 194
7775 195
7798 196
7816 197
7836 198
7855 199
7871 200
467 1
1003 2
1146 3
1280 4
1443 5
1549 6
1642 7
1746 8
1833 9
1864 10
2062 11
2085 12
2179 13
2276 14
2312 15
2456 16
2477 17
2521 18
2589 19
2745 20
2774 21
2813 22
2857 23
2896 24
2964 25
3011 26
3036 27
3132 28
3233 29
3334 30
3368 31
3415 32
3477 33
3500 34
3550 35
3633 36
3697 37
3724 38
3829 39
3867 40
3911 41
3980 42
4091 43
4131 44
4207 45
4241 46
4306 47
4337 48
4363 49
4400 50
4467 51
4492 52
4514 53
4542 54
4594 55
4645 56
4685 57
4710 58
4751 59
4785 60
4808 61
4841 62
4868 63
4896 64
4919 65
4948 66
5005 67
5038 68
5060 69
5086 70
5127 71
5155 72
5180 73
5208 74
5242 75
5308 76
5336 77
5367 78
5393 79
5433 80
5464 81
5516 82
5540 83
5560 84
5585 85
5617 86
5644 87
5666 88
5685 89
5713 90
5732 91
5756 92
5786 93
5827 94
5851 95
5886 96
5910 97
5930 98
5949 99
5974 100
5996 101
6019 102
6038 103
6071 104
6088 105
6133 106
6161 107
6180 108
6210 109
6232 110
6270 111
6285 112
6313 113
6334 114
6353 115
6375 116
6395 117
6420 118
6444 119
6468 120
6486 121
6510 122
6529 123
6545 124
6568 125
6595 126
6614 127
6637 128
6657 129
6675 130
6695 131
6710 132
6727 133
6744 134
6759 135
6786 136
6806 137
6821 138
6836 139
6852 140
6868 141
6883 142
6900 143
6921 144
6939 145
6954 146
6973 147
6993 148
7008 149
7025 150
7047 151
7062 152
7077 153
7094 154
7118 155
7134 156
7149 157
7165 158
7187 159
7202 160
7222 161
7239 162
7259 163
7276 164
7292 165
7312 166
7329 167
7346 168
7361 169
7380 170
7397 171
7415 172
7436 173
7454 174
7469 175
7484 176
7507 177
7527 178
7544 179
7559 180
7576 181
7599 182
7619 183
7634 184
7654 185
7670 186
7692 187
7709 188
7732 189
7748 190
7764 191
7780 192
7797 193
7816 194
7836 195
7852 196
7869 197
7884 198
7899 199
7916 200
488 1
1115 2
1295 3
1521 4
1577 5
1627 6
1737 7
1786 8
1945 9
2006 10
2074 11
2131 12
2244 13
2278 14
2399 15
2452 16
2495 17
2551 18
2579 19
2644 20
2775 21
2836 22
2886 23
2916 24
2945 25
2971 26
2994 27
3019 28
3175 29
3298 30
3324 31
3362 32
3391 33
3429 34
3520 35
3672 36
3695 37
3736 38
3766 39
3817 40
3889 41
3939 42
4083 43
4145 44
4179 45
4212 46
4242 47
4264 48
4363 49
4384 50
4421 51
4456 52
4509 53
4528 54
4563 55
4617 56
4652 57
4679 58
4724 59
4758 60
4797 61
4820 62
4844 63
4895 64
4926 65
4943 66
4976 67
5012 68
5081 69
5115 70
5140 71
5168 72
5212 73
5255 74
5272 75
5296 76
5327 77
5356 78
5388 79
5417 80
5451 81
5477 82
5495 83
5536 84
5564 85
5583 86
5609 87
5633 88
5658 89
5679 90
5707 91
5742 92
5775 93
5800 94
5815 95
5838 96
5860 97
5882 98
5911 99
5928 100
5950 101
5983 102
6001 103
6029 104
6055 105
6084 106
6118 107
6137 108
6154 109
6182 110
6202 111
6221 112
6244 113
6268 114
6285 115
6303 116
6330 117
6348 118
6368 119
6396 120
6415 121
6432 122
6452 123
6476 124
6502 125
6521 126
6541 127
6556 128
6571 129
6588 130
6603 131
6623 132
6640 133
6655 134
6680 135
6695 136
6710 137
6733 138
6750 139
6766 140
6781 141
6797 142
6825 143
6841 144
6859 145
6880 146
6895 147
6912 148
6929 149
6951 150
6967 151
6986 152
7005 153
7021 154
7036 155
7052 156
7067 157
7082 158
7097 159
7119 160
7134 161
7150 162
7166 163
7184 164
7206 165
7228 166
7243 167
7258 168
7274 169
7296 170
7312 171
7335 172
7356 173
7374 174
7390 175
7407 176
7427 177
7442 178
7458 179
7476 180
7492 181
7507 182
7523 183
7539 184
7556 185
7572 186
7592 187
7608 188
7623 189
7641 190
7658 191
7676 192
7695 193
7711 194
7726 195
7744 196
7762 197
7780 198
7798 199
7813 200
360 1
1128 2
1348 3
1502 4
1579 5
1652 6
1700 7
1730 8
1804 9
1917 10
2121 11
2262 12
2296 13
2331 14
2356 15
2441 16
2498 17
2520 18
2553 19
2579 20
2634 21
2785 22
2834 23
2895 24
2943 25
2977 26
3008 27
3101 28
3133 29
3269 30
3327 31
3458 32
3481 33
3550 34
3579 35
3645 36
3665 37
3718 38
3798 39
3832 40
3860 41
3973 42
4021 43
4073 44
4138 45
4180 46
4211 47
4235 48
4257 49
4289 50
4339 51
4381 52
4407 53
4503 54
4544 55
4569 56
4591 57
4611 58
4662 59
4701 60
4723 61
4763 62
4787 63
4820 64
4853 65
4898 66
4922 67
4967 68
4992 69
5015 70
5054 71
5074 72
5103 73
5139 74
5161 75
5205 76
5236 77
5266 78
5302 79
5322 80
5348 81
5366 82
5403 83
5435 84
5458 85
5475 86
5511 87
5541 88
5575 89
5603 90
5623 91
5648 92
5687 93
5725 94
5746 95
5769 96
5791 97
5815 98
5844 99
5873 100
5897 101
5918 102
5938 103
5961 104
5987 105
6016 106
6037 107
6060 108
6102 109
6120 110
6142 111
6166 112
6201 113
6228 114
6245 115
6271 116
6298 117
6326 118
6343 119
6366 120
6384 121
6400 122
6433 123
6449 124
6469 125
6492 126
6508 127
6525 128
6543 129
6560 130
6578 131
6598 132
6614 133
6629 134
6644 135
6663 136
6678 137
6697 138
6720 139
6736 140
6751 141
6772 142
6787 143
6805 144
6822 145
6837 146
6852 147
6867 148
6885 149
6901 150
6919 151
6935 152
6950 153
6965 154
6981 155
7006 156
7021 157
7036 158
7053 159
7072 160
7090 161
7105 162
7121 163
7136 164
7151 165
7175 166
7192 167
7208 168
7228 169
7243 170
7258 171
7274 172
7292 173
7308 174
7323 175
7339 176
7366 177
7382 178
7398 179
7414 180
7430 181
7445 182
7460 183
7489 184
7508 185
7525 186
7543 187
7558 188
7576 189
7591 190
7608 191
7623 192
7641 193
7657 194
7672 195
7688 196
7704 197
7721 198
7738 199
7761 200
422 1
1090 2
1222 3
1477 4
1623 5
1728 6
1770 7
1846 8
1893 9
1945 10
1996 11
2027 12
2066 13
2362 14
2477 15
2521 16
2597 17
2697 18
2769 19
2843 20
2864 21
2929 22
3003 23
3061 24
3109 25
3137 26
3196 27
3228 28
3281 29
3370 30
3525 31
3556 32
3661 33
3701 34
3748 35
3822 36
3844 37
3882 38
3925 39
4000 40
4031 41
4057 42
4147 43
4187 44
4220 45
4297 46
4326 47
4370 48
4419 49
4454 50
4484 51
4510 52
4541 53
4586 54
4619 55
4639 56
4662 57
4686 58
4739 59
4776 60
4798 61
4831 62
4881 63
4915 64
4974 65
5012 66
5060 67
5083 68
5111 69
5131 70
5187 71
5218 72
5237 73
5297 74
5321 75
5358 76
5380 77
5400 78
5435 79
5459 80
5482 81
5515 82
5542 83
5569 84
5596 85
5631 86
5657 87
5677 88
5699 89
5722 90
5769 91
5795 92
5813 93
5834 94
5852 95
5886 96
5903 97
5927 98
5963 99
5980 100
6002 101
6026 102
6048 103
6076 104
6095 105
6112 106
6143 107
6162 108
6191 109
6206 110
6225 111
6249 112
6265 113
6299 114
6323 115
6347 116
6374 117
6391 118
6417 119
6443 120
6461 121
6485 122
6518 123
6537 124
6555 125
6574 126
6595 127
6614 128
6629 129
6653 130
6672 131
6690 132
6706 133
6725 134
6742 135
6762 136
6777 137
6792 138
6812 139
6835 140
6860 141
6875 142
6890 143
6907 144
6922 145
6937 146
6953 147
6968 148
6984 149
7010 150
7027 151
7044 152
7060 153
7076 154
7095 155
7112 156
7130 157
7145 158
7163 159
7182 160
7209 161
7224 162
7241 163
7258 164
7273 165
7288 166
7303 167
7318 168
7333 169
7348 170
7364 171
7379 172
7395 173
7416 174
7434 175
7450 176
7465 177
7480 178
7497 179
7518 180
7533 181
7548 182
7565 183
7580 184
7599 185
7614 186
7631 187
7647 188
7664 189
7683 190
7700 191
7719 192
7735 193
7768 194
7785 195
7802 196
7820 197
7838 198
7853 199
7869 200
413 1
1141 2
1374 3
1494 4
1582 5
1709 6
1812 7
1859 8
1997 9
2063 10
2246 11
2284 12
2311 13
2414 14
2444 15
2497 16
2627 17
2654 18
2708 19
2748 20
2777 21
2808 22
2873 23
2897 24
2924 25
3013 26
3075 27
3107 28
3231 29
3293 30
3315 31
3406 32
3496 33
3556 34
3626 35
3658 36
3698 37
3738 38
3767 39
3833 40
3894 41
3986 42
4060 43
4093 44
4148 45
4168 46
4194 47
4219 48
4253 49
4307 50
4367 51
4389 52
4417 53
4506 54
4551 55
4578 56
4610 57
4638 58
4665 59
4686 60
4709 61
4750 62
4775 63
4795 64
4820 65
4853 66
4922 67
4962 68
4994 69
5046 70
5062 71
5101 72
5129 73
5161 74
5203 75
5243 76
5275 77
5292 78
5317 79
5338 80
5357 81
5388 82
5422 83
5460 84
5486 85
5517 86
5556 87
5585 88
5611 89
5632 90
5662 91
5682 92
5705 93
5721 94
5753 95
5776 96
5799 97
5823 98
5844 99
5871 100
5894 101
5917 102
5952 103
5976 104
6002 105
6023 106
6045 107
6068 108
6089 109
6111 110
6129 111
6146 112
6163 113
6185 114
6212 115
6240 116
6264 117
6284 118
6308 119
6325 120
6340 121
6360 122
6385 123
6400 124
6427 125
6445 126
6460 127
6477 128
6498 129
6531 130
6549 131
6573 132
6590 133
6606 134
6621 135
6644 136
6661 137
6678 138
6694 139
6711 140
6731 141
6749 142
6764 143
6782 144
6798 145
6814 146
6838 147
6853 148
6870 149
6887 150
6906 151
6921 152
6940 153
6956 154
6971 155
6999 156
7014 157
7029 158
7044 159
7059 160
7075 161
7092 162
7111 163
7140 164
7156 165
7177 166
7192 167
7208 168
7223 169
7238 170
7254 171
7269 172
7300 173
7315 174
7333 175
7352 176
7369 177
7389 178
7415 179
7440 180
7455 181
7471 182
7487 183
7504 184
7535 185
7550 186
7565 187
7580 188
7600 189
7615 190
7630 191
7647 192
7665 193
7681 194
7696 195
7713 196
7729 197
7747 198
7765 199
7786 200
456 1
1228 2
1331 3
1530 4
1674 5
1716 6
1782 7
1881 8
1983 9
2094 10
2143 11
2169 12
2229 13
2341 14
2360 15
2405 16
2538 17
2571 18
2610 19
2737 20
2808 21
2867 22
2902 23
2926 24
2979 25
3036 26
3089 27
3155 28
3210 29
3279 30
3323 31
3347 32
3437 33
3458 34
3480 35
3579 36
3694 37
3782 38
3815 39
3878 40
3913 41
3942 42
3967 43
4048 44
4107 45
4143 46
4172 47
4232 48
4259 49
4301 50
4326 51
4410 52
4457 53
4499 54
4529 55
4552 56
4652 57
4682 58
4715 59
4751 60
4801 61
4826 62
4848 63
4893 64
4920 65
4945 66
4979 67
5016 68
5052 69
5079 70
5126 71
5148 72
5176 73
5215 74
5238 75
5257 76
5294 77
5319 78
5356 79
5373 80
5393 81
5421 82
5450 83
5479 84
5507 85
5537 86
5560 87
5620 88
5640 89
5678 90
5700 91
5719 92
5744 93
5768 94
5787 95
5824 96
5841 97
5870 98
5899 99
5920 100
5939 101
5962 102
5993 103
6016 104
6032 105
6059 106
6078 107
6100 108
6127 109
6144 110
6171 111
6203 112
6227 113
6245 114
6266 115
6287 116
6317 117
6345 118
6366 119
6387 120
6402 121
6430 122
6448 123
6475 124
6506 125
6524 126
6539 127
6556 128
6572 129
6589 130
6604 131
6619 132
6641 133
6656 134
6672 135
6687 136
6708 137
6724 138
6742 139
6758 140
6773 141
6794 142
6813 143
6830 144
6847 145
6862 146
6879 147
6894 148
6914 149
6931 150
6951 151
6968 152
6983 153
6998 154
7017 155
7033 156
7054 157
7074 158
7090 159
7107 160
7122 161
7138 162
7153 163
7168 164
7184 165
7199 166
7214 167
7231 168
7247 169
7262 170
7277 171
7292 172
7308 173
7335 174
7352 175
7368 176
7385 177
7400 178
7415 179
7438 180
7462 181
7477 182
7496 183
7512 184
7527 185
7549 186
7564 187
7582 188
7600 189
7618 190
7635 191
7650 192
7665 193
7682 194
7698 195
7714 196
7733 197
7749 198
7771 199
7787 200
470 1
1165 2
1333 3
1489 4
1554 5
1662 6
1723 7
1821 8
1980 9
2005 10
2060 11
2211 12
2238 13
2299 14
2390 15
2439 16
2491 17
2616 18
2706 19
2731 20
2889 21
2911 22
2927 23
2953 24
2994 25
3074 26
3110 27
3165 28
3191 29
3298 30
3329 31
3353 32
3417 33
3459 34
3527 35
3551 36
3575 37
3606 38
3805 39
3832 40
3903 41
3946 42
4008 43
4104 44
4135 45
4197 46
4236 47
4262 48
4287 49
4335 50
4395 51
4431 52
4461 53
4484 54
4525 55
4569 56
4591 57
4673 58
4695 59
4730 60
4764 61
4816 62
4837 63
4868 64
4901 65
4937 66
4953 67
5002 68
5031 69
5061 70
5083 71
5114 72
5136 73
5159 74
5187 75
5218 76
5254 77
5282 78
5333 79
5361 80
5379 81
5398 82
5433 83
5467 84
5509 85
5528 86
5550 87
5574 88
5599 89
5623 90
5642 91
5676 92
5707 93
5727 94
5750 95
5775 96
5804 97
5825 98
5853 99
5875 100
5897 101
5926 102
5969 103
6003 104
6025 105
6044 106
6065 107
6086 108
6118 109
6142 110
6169 111
6188 112
6209 113
6227 114
6249 115
6275 116
6300 117
6323 118
6344 119
6360 120
6389 121
6411 122
6431 123
6450 124
6469 125
6486 126
6504 127
6523 128
6542 129
6558 130
6573 131
6594 132
6609 133
6633 134
6652 135
6667 136
6682 137
6700 138
6717 139
6746 140
6761 141
6779 142
6813 143
6828 144
6844 145
6861 146
6876 147
6891 148
6907 149
6925 150
6941 151
6957 152
6972 153
6987 154
7002 155
7017 156
7032 157
7048 158
7068 159
7085 160
7103 161
7120 162
7136 163
7151 164
7171 165
7186 166
7202 167
7219 168
7235 169
7253 170
7274 171
7309 172
7324 173
7339 174
7355 175
7370 176
7385 177
7402 178
7422 179
7445 180
7462 181
7481 182
7497 183
7515 184
7530 185
7547 186
7566 187
7584 188
7601 189
7624 190
7649 191
7665 192
7682 193
7699 194
7723 195
7745 196
7761 197
7779 198
7800 199
7815 200
412 1
1022 2
1320 3
1388 4
1567 5
1595 6
1777 7
1854 8
2014 9
2128 10
2237 11
2261 12
2338 13
2392 14
2436 15
2462 16
2618 17
2660 18
2687 19
2751 20
2779 21
2797 22
2824 23
2891 24
3070 25
3094 26
3177 27
3215 28
3243 29
3275 30
3307 31
3375 32
3414 33
3440 34
3494 35
3597 36
3653 37
3692 38
3816 39
3892 40
3986 41
4014 42
4040 43
4073 44
4111 45
4143 46
4163 47
4190 48
4215 49
4250 50
4280 51
4365 52
4419 53
4459 54
4487 55
4521 56
4549 57
4619 58
4671 59
4732 60
4761 61
4781 62
4802 63
4831 64
4853 65
4893 66
4941 67
4968 68
4994 69
5044 70
5076 71
5126 72
5165 73
5193 74
5216 75
5249 76
5269 77
5293 78
5330 79
5357 80
5375 81
5403 82
5425 83
5444 84
5487 85
5513 86
5536 87
5571 88
5586 89
5620 90
5649 91
5677 92
5697 93
5733 94
5759 95
5783 96
5806 97
5824 98
5845 99
5863 100
5883 101
5906 102
5924 103
5953 104
5985 105
6012 106
6044 107
6067 108
6088 109
6115 110
6138 111
6159 112
6182 113
6198 114
6215 115
6236 116
6257 117
6279 118
6300 119
6322 120
6349 121
6375 122
6390 123
6405 124
6421 125
6445 126
6463 127
6478 128
6493 129
6510 130
6525 131
6543 132
6563 133
6580 134
6595 135
6619 136
6636 137
6651 138
6672 139
6687 140
6718 141
6739 142
6762 143
6780 144
6795 145
6814 146
6829 147
6847 148
6862 149
6879 150
6897 151
6912 152
6931 153
6948 154
6976 155
6991 156
7006 157
7022 158
7037 159
7057 160
7078 161
7093 162
7116 163
7142 164
7162 165
7180 166
7197 167
7217 168
7232 169
7252 170
7267 171
7283 172
7298 173
7316 174
7331 175
7346 176
7364 177
7379 178
7401 179
7416 180
7440 181
7463 182
7480 183
7497 184
7513 185
7530 186
7546 187
7569 188
7591 189
7609 190
7625 191
7640 192
7656 193
7672 194
7690 195
7705 196
7723 197
7738 198
7756 199
7772 200
448 1
965 2
1318 3
1410 4
1613 5
1635 6
1773 7
1870 8
1899 9
2037 10
2114 11
2221 12
2241 13
2267 14
2302 15
2327 16
2381 17
2536 18
2568 19
2593 20
2635 21
2764 22
2793 23
2815 24
2892 25
2917 26
3113 27
3162 28
3190 29
3252 30
3277 31
3315 32
3364 33
3400 34
3472 35
3508 36
3633 37
3730 38
3789 39
3826 40
3910 41
3982 42
4013 43
4037 44
4064 45
4094 46
4216 47
4244 48
4268 49
4296 50
4323 51
4390 52
4432 53
4459 54
4482 55
4586 56
4640 57
4700 58
4727 59
4752 60
4786 61
4820 62
4848 63
4876 64
4897 65
4919 66
4955 67
5009 68
5028 69
5058 70
5103 71
5132 72
5148 73
5179 74
5226 75
5257 76
5275 77
5301 78
5346 79
5363 80
5382 81
5409 82
5432 83
5455 84
5479 85
5524 86
5550 87
5573 88
5596 89
5624 90
5657 91
5677 92
5717 93
5743 94
5765 95
5793 96
5825 97
5846 98
5872 99
5911 100
5954 101
5986 102
6007 103
6025 104
6045 105
6085 106
6102 107
6128 108
6145 109
6167 110
6191 111
6217 112
6244 113
6259 114
6275 115
6299 116
6319 117
6334 118
6353 119
6377 120
6392 121
6412 122
6429 123
6445 124
6467 125
6490 126
6517 127
6533 128
6553 129
6568 130
6585 131
6601 132
6623 133
6642 134
6657 135
6676 136
6695 137
6716 138
6731 139
6748 140
6763 141
6778 142
6793 143
6809 144
6827 145
6844 146
6861 147
6877 148
6892 149
6911 150
6928 151
6946 152
6967 153
6989 154
7010 155
7027 156
7042 157
7060 158
7079 159
7096 160
7115 161
7130 162
7147 163
7164 164
7185 165
7200 166
7215 167
7230 168
7247 169
7262 170
7277 171
7294 172
7313 173
7340 174
7358 175
7382 176
7400 177
7415 178
7433 179
7451 180
7467 181
7483 182
7498 183
7514 184
7529 185
7544 186
7565 187
7581 188
7596 189
7615 190
7646 191
7661 192
7676 193
7695 194
7710 195
7733 196
7748 197
7767 198
7783 199
7799 200
455 1
791 2
1187 3
1243 4
1614 5
1670 6
1789 7
1873 8
1956 9
2013 10
2065 11
2146 12
2175 13
2224 14
2250 15
2395 16
2422 17
2456 18
2544 19
2677 20
2731 21
2831 22
2871 23
2963 24
3013 25
3039 26
3063 27
3129 28
3163 29
3221 30
3388 31
3434 32
3461 33
3493 34
3519 35
3548 36
3580 37
3669 38
3753 39
3861 40
3894 41
3940 42
3988 43
4018 44
4055 45
4119 46
4142 47
4166 48
4202 49
4363 50
4400 51
4434 52
4476 53
4510 54
4545 55
4578 56
4604 57
4634 58
4690 59
4717 60
4746 61
4773 62
4793 63
4847 64
4878 65
4910 66
4935 67
4969 68
5014 69
5071 70
5115 71
5139 72
5171 73
5192 74
5226 75
5255 76
5275 77
5297 78
5320 79
5369 80
5408 81
5433 82
5457 83
5493 84
5521 85
5538 86
5559 87
5580 88
5619 89
5650 90
5676 91
5694 92
5728 93
5747 94
5773 95
5794 96
5821 97
5846 98
5875 99
5901 100
5920 101
5939 102
5968 103
5995 104
6019 105
6035 106
6058 107
6076 108
6106 109
6127 110
6151 111
6172 112
6194 113
6212 114
6248 115
6268 116
6296 117
6319 118
6339 119
6357 120
6379 121
6395 122
6411 123
6428 124
6452 125
6470 126
6490 127
6507 128
6522 129
6539 130
6554 131
6570 132
6603 133
6625 134
6640 135
6658 136
6673 137
6699 138
6714 139
6729 140
6744 141
6759 142
6787 143
6810 144
6828 145
6844 146
6859 147
6876 148
6891 149
6926 150
6943 151
6958 152
6980 153
6997 154
7014 155
7029 156
7046 157
7063 158
7079 159
7094 160
7109 161
7126 162
7141 163
7157 164
7172 165
7196 166
7211 167
7229 168
7252 169
7271 170
7293 171
7313 172
7329 173
7347 174
7365 175
7380 176
7397 177
7416 178
7433 179
7448 180
7464 181
7479 182
7495 183
7513 184
7528 185
7543 186
7559 187
7576 188
7593 189
7611 190
7626 191
7642 192
7657 193
7672 194
7687 195
7702 196
7719 197
7735 198
7751 199
7766 200
301 1
975 2
1323 3
1547 4
1602 5
1678 6
1752 7
1938 8
2029 9
2082 10
2134 11
2181 12
2226 13
2316 14
2386 15
2408 16
2507 17
2607 18
2656 19
2693 20
2802 21
2828 22
2856 23
2994 24
3053 25
3086 26
3239 27
3273 28
3312 29
3351 30
3379 31
3474 32
3558 33
3584 34
3743 35
3779 36
3813 37
3855 38
3997 39
4027 40
4054 41
4096 42
4125 43
4200 44
4222 45
4270 46
4295 47
4402 48
4467 49
4491 50
4542 51
4575 52
4617 53
4640 54
4693 55
4726 56
4758 57
4789 58
4815 59
4840 60
4886 61
4910 62
4930 63
4970 64
4997 65
5020 66
5039 67
5078 68
5120 69
5154 70
5177 71
5248 72
5292 73
5334 74
5356 75
5373 76
5395 77
5423 78
5459 79
5482 80
5505 81
5531 82
5551 83
5590 84
5611 85
5632 86
5660 87
5678 88
5700 89
5731 90
5749 91
5781 92
5811 93
5826 94
5854 95
5879 96
5908 97
5926 98
5959 99
5979 100
6006 101
6029 102
6047 103
6086 104
6110 105
6125 106
6154 107
6179 108
6212 109
6233 110
6265 111
6281 112
6300 113
6317 114
6343 115
6368 116
6389 117
6407 118
6423 119
6440 120
6464 121
6487 122
6502 123
6524 124
6539 125
6557 126
6572 127
6598 128
6613 129
6637 130
6652 131
6667 132
6684 133
6700 134
6716 135
6733 136
6754 137
6776 138
6791 139
6806 140
6821 141
6836 142
6852 143
6867 144
6883 145
6900 146
6916 147
6938 148
6954 149
6975 150
6991 151
7008 152
7023 153
7038 154
7053 155
7079 156
7097 157
7112 158
7127 159
7144 160
7161 161
7180 162
7195 163
7212 164
7227 165
7244 166
7259 167
7275 168
7290 169
7311 170
7326 171
7341 172
7356 173
7371 174
7398 175
7415 176
7432 177
7457 178
7472 179
7487 180
7503 181
7518 182
7535 183
7550 184
7565 185
7583 186
7601 187
7617 188
7633 189
7649 190
7664 191
7679 192
7696 193
7715 194
7736 195
7751 196
7769 197
7784 198
7801 199
7817 200
530 1
989 2
1141 3
1401 4
1575 5
1668 6
1696 7
1850 8
1878 9
1979 10
2123 11
2166 12
2259 13
2378 14
2399 15
2424 16
2455 17
2586 18
2634 19
2665 20
2836 21
2860 22
2887 23
2922 24
2999 25
3027 26
3069 27
3167 28
3253 29
3283 30
3320 31
3374 32
3417 33
3442 34
3571 35
3595 36
3832 37
3856 38
3889 39
3945 40
3988 41
4030 42
4061 43
4086 44
4117 45
4139 46
4176 47
4243 48
4276 49
4385 50
4416 51
4468 52
4492 53
4534 54
4560 55
4592 56
4622 57
4645 58
4672 59
4738 60
4767 61
4796 62
4828 63
4858 64
4878 65
4907 66
4936 67
4967 68
5018 69
5046 70
5068 71
5104 72
5133 73
5175 74
5194 75
5212 76
5248 77
5291 78
5330 79
5351 80
5373 81
5394 82
5418 83
5471 84
5497 85
5530 86
5554 87
5592 88
5618 89
5640 90
5659 91
5694 92
5712 93
5732 94
5753 95
5782 96
5826 97
5848 98
5881 99
5908 100
5934 101
5964 102
5982 103
6004 104
6041 105
6065 106
6086 107
6108 108
6129 109
6146 110
6168 111
6195 112
6210 113
6231 114
6256 115
6273 116
6288 117
6319 118
6335 119
6353 120
6374 121
6397 122
6414 123
6450 124
6467 125
6501 126
6516 127
6536 128
6551 129
6566 130
6583 131
6599 132
6615 133
6650 134
6667 135
6684 136
6700 137
6715 138
6732 139
6749 140
6766 141
6781 142
6797 143
6813 144
6834 145
6851 146
6867 147
6882 148
6899 149
6916 150
6933 151
6951 152
6968 153
6987 154
7030 155
7046 156
7070 157
7090 158
7105 159
7130 160
7146 161
7162 162
7179 163
7196 164
7212 165
7243 166
7262 167
7280 168
7296 169
7313 170
7330 171
7346 172
7362 173
7377 174
7399 175
7414 176
7429 177
7444 178
7461 179
7476 180
7494 181
7510 182
7526 183
7545 184
7560 185
7583 186
7602 187
7617 188
7633 189
7649 190
7664 191
7679 192
7695 193
7714 194
7730 195
7747 196
7766 197
7781 198
7798 199
7814 200
829 1
1123 2
1326 3
1513 4
1605 5
1706 6
1872 7
1994 8
2057 9
2152 10
2242 11
2306 12
2334 13
2358 14
2463 15
2488 16
2520 17
2619 18
2700 19
2731 20
2781 21
2812 22
2977 23
3032 24
3070 25
3105 26
3139 27
3210 28
3235 29
3260 30
3297 31
3357 32
3481 33
3520 34
3562 35
3650 36
3767 37
3805 38
3834 39
3869 40
3895 41
3926 42
4020 43
4112 44
4135 45
4185 46
4229 47
4277 48
4345 49
4363 50
4397 51
4429 52
4455 53
4536 54
4617 55
4640 56
4676 57
4720 58
4753 59
4810 60
4836 61
4865 62
4892 63
4918 64
4962 65
4985 66
5009 67
5026 68
5052 69
5078 70
5098 71
5132 72
5186 73
5209 74
5263 75
5303 76
5341 77
5364 78
5388 79
5417 80
5437 81
5457 82
5490 83
5515 84
5533 85
5568 86
5593 87
5620 88
5657 89
5683 90
5702 91
5729 92
5754 93
5797 94
5823 95
5842 96
5868 97
5893 98
5915 99
5931 100
5952 101
5983 102
6005 103
6028 104
6048 105
6070 106
6096 107
6117 108
6149 109
6175 110
6199 111
6219 112
6250 113
6280 114
6300 115
6319 116
6343 117
6363 118
6380 119
6409 120
6426 121
6444 122
6462 123
6485 124
6505 125
6521 126
6536 127
6554 128
6584 129
6602 130
6618 131
6633 132
6650 133
6666 134
6683 135
6698 136
6719 137
6735 138
6750 139
6769 140
6788 141
6813 142
6832 143
6847 144
6864 145
6880 146
6901 147
6916 148
6931 149
6952 150
6968 151
6985 152
7000 153
7018 154
7034 155
7052 156
7067 157
7082 158
7103 159
7118 160
7135 161
7153 162
7172 163
7187 164
7205 165
7220 166
7235 167
7262 168
7280 169
7296 170
7314 171
7329 172
7350 173
7365 174
7384 175
7399 176
7416 177
7433 178
7452 179
7467 180
7482 181
7498 182
7513 183
7537 184
7555 185
7570 186
7585 187
7600 188
7619 189
7636 190
7653 191
7670 192
7685 193
7700 194
7719 195
7737 196
7755 197
7779 198
7797 199
7829 200
443 1
994 2
1156 3
1411 4
1600 5
1652 6
1742 7
1851 8
1995 9
2056 10
2094 11
2240 12
2266 13
2286 14
2442 15
2510 16
2568 17
2603 18
2649 19
2777 20
2801 21
2822 22
2951 23
2975 24
3108 25
3142 26
3164 27
3190 28
3266 29
3295 30
3436 31
3530 32
3579 33
3650 34
3683 35
3711 36
3770 37
3867 38
3890 39
3941 40
4023 41
4070 42
4098 43
4123 44
4158 45
4181 46
4211 47
4269 48
4314 49
4397 50
4425 51
4460 52
4512 53
4547 54
4571 55
4610 56
4652 57
4681 58
4709 59
4730 60
4760 61
4819 62
4846 63
4870 64
4928 65
4961 66
4982 67
5010 68
5055 69
5088 70
5111 71
5142 72
5163 73
5191 74
5223 75
5251 76
5274 77
5322 78
5354 79
5385 80
5439 81
5465 82
5485 83
5516 84
5546 85
5566 86
5601 87
5622 88
5648 89
5684 90
5725 91
5750 92
5825 93
5850 94
5875 95
5905 96
5920 97
5937 98
5956 99
5987 100
6009 101
6026 102
6052 103
6087 104
6125 105
6151 106
6175 107
6195 108
6222 109
6239 110
6266 111
6283 112
6305 113
6321 114
6336 115
6354 116
6371 117
6393 118
6418 119
6433 120
6453 121
6473 122
6492 123
6512 124
6535 125
6555 126
6572 127
6607 128
6622 129
6638 130
6654 131
6670 132
6685 133
6701 134
6716 135
6733 136
6749 137
6772 138
6790 139
6807 140
6824 141
6839 142
6859 143
6876 144
6904 145
6921 146
6936 147
6960 148
6977 149
6995 150
7013 151
7031 152
7046 153
7061 154
7076 155
7091 156
7107 157
7127 158
7142 159
7157 160
7173 161
7188 162
7206 163
7221 164
7238 165
7260 166
7277 167
7293 168
7308 169
7323 170
7340 171
7357 172
7373 173
7392 174
7407 175
7422 176
7438 177
7455 178
7475 179
7491 180
7507 181
7523 182
7540 183
7556 184
7574 185
7596 186
7618 187
7641 188
7656 189
7671 190
7690 191
7706 192
7722 193
7740 194
7760 195
7775 196
7791 197
7806 198
7825 199
7841 200
412 1
1163 2
1367 3
1398 4
1590 5
1646 6
1681 7
1859 8
1929 9
2016 10
2052 11
2216 12
2253 13
2415 14
2514 15
2546 16
2607 17
2645 18
2846 19
2871 20
2906 21
2949 22
2992 23
3034 24
3119 25
3166 26
3249 27
3289 28
3316 29
3379 30
3425 31
3604 32
3638 33
3670 34
3760 35
3787 36
3836 37
3859 38
3894 39
3921 40
4014 41
4053 42
4100 43
4217 44
4265 45
4296 46
4378 47
4404 48
4432 49
4464 50
4497 51
4542 52
4617 53
4645 54
4682 55
4705 56
4723 57
4760 58
4792 59
4865 60
4896 61
4922 62
4948 63
4978 64
5000 65
5027 66
5049 67
5082 68
5112 69
5192 70
5230 71
5264 72
5284 73
5312 74
5335 75
5361 76
5395 77
5423 78
5465 79
5491 80
5521 81
5541 82
5572 83
5598 84
5629 85
5666 86
5690 87
5713 88
5733 89
5760 90
5790 91
5810 92
5827 93
5851 94
5893 95
5917 96
5935 97
5952 98
5973 99
5993 100
6013 101
6057 102
6097 103
6116 104
6144 105
6171 106
6192 107
6218 108
6235 109
6253 110
6274 111
6289 112
6312 113
6338 114
6358 115
6375 116
6406 117
6424 118
6446 119
6461 120
6479 121
6494 122
6516 123
6532 124
6550 125
6565 126
6580 127
6597 128
6621 129
6637 130
6653 131
6671 132
6687 133
6706 134
6722 135
6745 136
6763 137
6780 138
6798 139
6814 140
6830 141
6846 142
6865 143
6881 144
6903 145
6921 146
6937 147
6952 148
6968 149
6986 150
7001 151
7016 152
7032 153
7047 154
7062 155
7081 156
7097 157
7118 158
7133 159
7149 160
7169 161
7185 162
7202 163
7219 164
7234 165
7251 166
7266 167
7282 168
7297 169
7320 170
7335 171
7352 172
7368 173
7387 174
7408 175
7429 176
7446 177
7463 178
7481 179
7500 180
7517 181
7542 182
7558 183
7573 184
7591 185
7612 186
7636 187
7657 188
7672 189
7689 190
7704 191
7722 192
7738 193
7753 194
7768 195
7783 196
7798 197
7816 198
7834 199
7849 200
487 1
1137 2
1316 3
1500 4
1582 5
1666 6
1746 7
1847 8
1983 9
2041 10
2072 11
2103 12
2283 13
2352 14
2431 15
2475 16
2615 17
2658 18
2690 19
2730 20
2753 21
2849 22
2877 23
2905 24
2937 25
2963 26
3157 27
3197 28
3240 29
3274 30
3301 31
3444 32
3476 33
3570 34
3640 35
3672 36
3696 37
3766 38
3800 39
3850 40
3903 41
4034 42
4062 43
4090 44
4149 45
4180 46
4216 47
4285 48
4317 49
4345 50
4386 51
4443 52
4472 53
4507 54
4537 55
4556 56
4591 57
4656 58
4685 59
4733 60
4778 61
4804 62
4828 63
4851 64
4888 65
4931 66
4962 67
4996 68
5021 69
5056 70
5099 71
5123 72
5149 73
5185 74
5216 75
5261 76
5278 77
5303 78
5349 79
5376 80
5402 81
5425 82
5465 83
5487 84
5504 85
5526 86
5552 87
5588 88
5627 89
5652 90
5674 91
5693 92
5713 93
5740 94
5777 95
5797 96
5826 97
5850 98
5884 99
5904 100
5934 101
5977 102
5995 103
6019 104
6038 105
6070 106
6095 107
6110 108
6133 109
6152 110
6172 111
6200 112
6219 113
6242 114
6267 115
6293 116
6317 117
6342 118
6359 119
6382 120
6401 121
6416 122
6449 123
6472 124
6488 125
6509 126
6527 127
6544 128
6563 129
6593 130
6610 131
6627 132
6643 133
6659 134
6683 135
6701 136
6716 137
6732 138
6756 139
6771 140
6788 141
6803 142
6819 143
6835 144
6850 145
6867 146
6890 147
6906 148
6921 149
6938 150
6955 151
6973 152
6989 153
7006 154
7026 155
7044 156
7060 157
7075 158
7111 159
7128 160
7144 161
7161 162
7177 163
7194 164
7211 165
7228 166
7243 167
7259 168
7275 169
7292 170
7307 171
7323 172
7340 173
7355 174
7372 175
7387 176
7403 177
7420 178
7435 179
7450 180
7485 181
7500 182
7516 183
7533 184
7552 185
7567 186
7587 187
7602 188
7618 189
7641 190
7662 191
7678 192
7693 193
7708 194
7723 195
7742 196
7757 197
7778 198
7793 199
7808 200
423 1
1114 2
1245 3
1459 4
1548 5
1648 6
1696 7
1878 8
1968 9
2044 10
2175 11
2199 12
2219 13
2241 14
2298 15
2385 16
2420 17
2615 18
2657 19
2746 20
2776 21
2853 22
2878 23
2904 24
2988 25
3015 26
3078 27
3274 28
3329 29
3373 30
3411 31
3432 32
3465 33
3504 34
3572 35
3733 36
3761 37
3790 38
3831 39
3939 40
4018 41
4046 42
4087 43
4115 44
4170 45
4213 46
4244 47
4263 48
4296 49
4321 50
4349 51
4454 52
4481 53
4507 54
4538 55
4561 56
4593 57
4643 58
4674 59
4718 60
4763 61
4796 62
4839 63
4905 64
4942 65
4961 66
4997 67
5023 68
5060 69
5081 70
5119 71
5152 72
5171 73
5195 74
5227 75
5248 76
5272 77
5298 78
5322 79
5341 80
5362 81
5391 82
5407 83
5429 84
5450 85
5483 86
5512 87
5537 88
5576 89
5594 90
5628 91
5653 92
5677 93
5705 94
5729 95
5754 96
5772 97
5810 98
5838 99
5864 100
5882 101
5905 102
5934 103
5949 104
5979 105
6000 106
6028 107
6051 108
6074 109
6089 110
6107 111
6126 112
6148 113
6178 114
6193 115
6216 116
6241 117
6259 118
6291 119
6309 120
6332 121
6353 122
6384 123
6448 124
6467 125
6487 126
6513 127
6530 128
6554 129
6571 130
6595 131
6610 132
6625 133
6645 134
6661 135
6677 136
6693 137
6710 138
6736 139
6751 140
6767 141
6787 142
6806 143
6825 144
6841 145
6856 146
6872 147
6887 148
6902 149
6918 150
6933 151
6948 152
6969 153
6985 154
7002 155
7019 156
7050 157
7067 158
7084 159
7101 160
7125 161
7143 162
7161 163
7180 164
7195 165
7211 166
7226 167
7242 168
7261 169
7276 170
7291 171
7307 172
7328 173
7345 174
7360 175
7375 176
7395 177
7415 178
7430 179
7445 180
7466 181
7481 182
7497 183
7518 184
7535 185
7552 186
7569 187
7590 188
7606 189
7626 190
7643 191
7661 192
7676 193
7695 194
7711 195
7726 196
7741 197
7761 198
7777 199
7797 200
442 1
1014 2
1316 3
1491 4
1524 5
1622 6
1696 7
1822 8
1984 9
2069 10
2101 11
2125 12
2179 13
2236 14
2443 15
2542 16
2573 17
2595 18
2707 19
2746 20
2812 21
2857 22
2898 23
2932 24
2968 25
3080 26
3140 27
3165 28
3278 29
3336 30
3450 31
3493 32
3521 33
3554 34
3592 35
3682 36
3713 37
3759 38
3848 39
3934 40
3956 41
4017 42
4086 43
4116 44
4142 45
4168 46
4221 47
4293 48
4326 49
4362 50
4402 51
4429 52
4458 53
4506 54
4542 55
4578 56
4606 57
4655 58
4690 59
4728 60
4746 61
4772 62
4801 63
4821 64
4844 65
4892 66
4965 67
4997 68
5073 69
5104 70
5131 71
5160 72
5185 73
5211 74
5234 75
5261 76
5286 77
5319 78
5349 79
5366 80
5386 81
5429 82
5462 83
5481 84
5516 85
5546 86
5567 87
5594 88
5610 89
5647 90
5680 91
5701 92
5725 93
5750 94
5770 95
5792 96
5827 97
5847 98
5875 99
5905 100
5934 101
5957 102
5977 103
5997 104
6023 105
6047 106
6068 107
6088 108
6117 109
6137 110
6176 111
6194 112
6220 113
6239 114
6260 115
6286 116
6312 117
6328 118
6351 119
6373 120
6389 121
6407 122
6427 123
6462 124
6489 125
6515 126
6530 127
6547 128
6564 129
6590 130
6613 131
6641 132
6661 133
6678 134
6695 135
6710 136
6725 137
6741 138
6765 139
6793 140
6810 141
6829 142
6846 143
6863 144
6882 145
6898 146
6915 147
6934 148
6949 149
6964 150
6979 151
6996 152
7017 153
7035 154
7050 155
7069 156
7085 157
7105 158
7133 159
7148 160
7163 161
7182 162
7201 163
7220 164
7237 165
7254 166
7272 167
7295 168
7311 169
7326 170
7343 171
7359 172
7376 173
7394 174
7410 175
7427 176
7444 177
7465 178
7485 179
7502 180
7518 181
7534 182
7549 183
7568 184
7588 185
7604 186
7620 187
7638 188
7653 189
7670 190
7686 191
7704 192
7719 193
7734 194
7750 195
7767 196
7795 197
7811 198
7826 199
7841 200
564 1
1165 2
1395 3
1636 4
1725 5
1794 6
1851 7
1886 8
1973 9
2073 10
2277 11
2402 12
2476 13
2519 14
2539 15
2597 16
2642 17
2687 18
2711 19
2855 20
2887 21
2918 22
2979 23
3014 24
3040 25
3077 26
3139 27
3169 28
3280 29
3309 30
3412 31
3489 32
3529 33
3633 34
3661 35
3761 36
3819 37
3871 38
3906 39
3997 40
4025 41
4100 42
4151 43
4184 44
4218 45
4268 46
4290 47
4349 48
4419 49
4454 50
4481 51
4516 52
4535 53
4572 54
4609 55
4630 56
4681 57
4718 58
4741 59
4771 60
4797 61
4823 62
4846 63
4899 64
4934 65
4984 66
5013 67
5057 68
5081 69
5104 70
5127 71
5151 72
5185 73
5209 74
5245 75
5274 76
5295 77
5342 78
5379 79
5414 80
5437 81
5484 82
5506 83
5535 84
5578 85
5609 86
5643 87
5662 88
5683 89
5703 90
5722 91
5750 92
5777 93
5797 94
5828 95
5854 96
5871 97
5894 98
5915 99
5941 100
5959 101
5999 102
6016 103
6034 104
6067 105
6085 106
6117 107
6145 108
6164 109
6182 110
6206 111
6225 112
6242 113
6267 114
6291 115
6312 116
6327 117
6349 118
6371 119
6397 120
6417 121
6437 122
6454 123
6469 124
6485 125
6502 126
6519 127
6536 128
6552 129
6568 130
6583 131
6606 132
6624 133
6639 134
6654 135
6677 136
6692 137
6709 138
6727 139
6748 140
6768 141
6783 142
6801 143
6817 144
6832 145
6849 146
6866 147
6883 148
6900 149
6915 150
6933 151
6949 152
6967 153
6985 154
7004 155
7020 156
7037 157
7057 158
7074 159
7090 160
7106 161
7124 162
7142 163
7158 164
7174 165
7196 166
7214 167
7232 168
7257 169
7286 170
7305 171
7322 172
7337 173
7353 174
7369 175
7387 176
7403 177
7421 178
7436 179
7456 180
7481 181
7498 182
7513 183
7529 184
7550 185
7569 186
7584 187
7603 188
7619 189
7636 190
7653 191
7668 192
7683 193
7699 194
7716 195
7733 196
7759 197
7774 198
7789 199
7804 200
452 1
1092 2
1187 3
1366 4
1427 5
1625 6
1842 7
1888 8
1977 9
2055 10
2083 11
2206 12
2243 13
2374 14
2405 15
2532 16
2599 17
2675 18
2713 19
2817 20
2845 21
2864 22
2892 23
2916 24
2982 25
3010 26
3079 27
3166 28
3205 29
3372 30
3395 31
3451 32
3501 33
3541 34
3707 35
3753 36
3793 37
3819 38
3847 39
3880 40
3966 41
4023 42
4086 43
4152 44
4229 45
4257 46
4279 47
4325 48
4356 49
4387 50
4433 51
4493 52
4518 53
4546 54
4592 55
4656 56
4681 57
4715 58
4752 59
4785 60
4804 61
4831 62
4866 63
4905 64
4924 65
4953 66
5011 67
5042 68
5071 69
5094 70
5128 71
5152 72
5173 73
5210 74
5230 75
5280 76
5317 77
5365 78
5391 79
5419 80
5437 81
5460 82
5487 83
5520 84
5537 85
5560 86
5579 87
5602 88
5628 89
5671 90
5704 91
5725 92
5747 93
5775 94
5793 95
5811 96
5862 97
5885 98
5907 99
5927 100
5951 101
5966 102
5990 103
6028 104
6044 105
6067 106
6093 107
6112 108
6133 109
6167 110
6189 111
6207 112
6227 113
6249 114
6271 115
6292 116
6308 117
6331 118
6362 119
6379 120
6396 121
6420 122
6436 123
6464 124
6481 125
6499 126
6514 127
6532 128
6547 129
6562 130
6578 131
6593 132
6612 133
6642 134
6657 135
6681 136
6698 137
6715 138
6730 139
6747 140
6763 141
6778 142
6793 143
6808 144
6825 145
6841 146
6856 147
6871 148
6889 149
6916 150
6932 151
6947 152
6962 153
6980 154
6997 155
7013 156
7035 157
7059 158
7078 159
7095 160
7113 161
7142 162
7160 163
7178 164
7194 165
7213 166
7235 167
7256 168
7273 169
7291 170
7309 171
7328 172
7343 173
7359 174
7375 175
7393 176
7416 177
7437 178
7455 179
7470 180
7490 181
7506 182
7522 183
7544 184
7560 185
7585 186
7602 187
7621 188
7638 189
7655 190
7674 191
7691 192
7706 193
7725 194
7741 195
7758 196
7773 197
7791 198
7806 199
7828 200
401 1
973 2
1201 3
1395 4
1483 5
1563 6
1733 7
1834 8
1888 9
1984 10
2084 11
2145 12
2170 13
2316 14
2359 15
2466 16
2535 17
2606 18
2758 19
2778 20
2799 21
2852 22
2921 23
2943 24
2975 25
3071 26
3098 27
3269 28
3290 29
3319 30
3388 31
3417 32
3457 33
3577 34
3646 35
3678 36
3748 37
3774 38
3815 39
3921 40
4019 41
4053 42
4106 43
4130 44
4170 45
4196 46
4222 47
4247 48
4283 49
4308 50
4362 51
4400 52
4458 53
4492 54
4563 55
4594 56
4629 57
4664 58
4704 59
4737 60
4812 61
4832 62
4852 63
4875 64
4904 65
4942 66
4978 67
5008 68
5033 69
5062 70
5081 71
5118 72
5145 73
5170 74
5193 75
5217 76
5241 77
5269 78
5304 79
5339 80
5361 81
5387 82
5410 83
5442 84
5499 85
5522 86
5563 87
5583 88
5602 89
5637 90
5668 91
5695 92
5718 93
5734 94
5752 95
5796 96
5821 97
5846 98
5872 99
5909 100
5929 101
5956 102
5975 103
6000 104
6022 105
6038 106
6061 107
6093 108
6115 109
6133 110
6154 111
6178 112
6200 113
6217 114
6242 115
6257 116
6283 117
6299 118
6323 119
6342 120
6370 121
6395 122
6417 123
6439 124
6459 125
6479 126
6499 127
6530 128
6545 129
6561 130
6582 131
6597 132
6614 133
6629 134
6645 135
6661 136
6681 137
6696 138
6711 139
6728 140
6746 141
6765 142
6783 143
6800 144
6820 145
6839 146
6858 147
6875 148
6891 149
6920 150
6938 151
6954 152
6972 153
6991 154
7008 155
7024 156
7041 157
7059 158
7074 159
7089 160
7104 161
7119 162
7134 163
7150 164
7168 165
7185 166
7202 167
7217 168
7232 169
7249 170
7278 171
7293 172
7313 173
7336 174
7351 175
7366 176
7382 177
7401 178
7416 179
7431 180
7446 181
7462 182
7479 183
7497 184
7512 185
7529 186
7547 187
7565 188
7580 189
7597 190
7612 191
7644 192
7670 193
7687 194
7704 195
7719 196
7742 197
7760 198
7777 199
7792 200
