467 1
1067 2
1173 3
1471 4
1719 5
1778 6
1858 7
1906 8
1966 9
2085 10
2117 11
2145 12
2166 13
2281 14
2356 15
2424 16
2483 17
2645 18
2682 19
2765 20
2790 21
2823 22
2856 23
2888 24
2915 25
2972 26
3004 27
3039 28
3201 29
3255 30
3294 31
3324 32
3389 33
3436 34
3489 35
3560 36
3666 37
3755 38
3799 39
3836 40
3911 41
3978 42
4016 43
4087 44
4134 45
4185 46
4263 47
4332 48
4354 49
4391 50
4424 51
4463 52
4488 53
4522 54
4595 55
4625 56
4666 57
4690 58
4714 59
4742 60
4797 61
4849 62
4876 63
4900 64
4925 65
4970 66
4995 67
5033 68
5063 69
5090 70
5125 71
5146 72
5202 73
5237 74
5263 75
5294 76
5318 77
5366 78
5407 79
5439 80
5458 81
5477 82
5513 83
5554 84
5578 85
5604 86
5649 87
5682 88
5707 89
5735 90
5767 91
5789 92
5809 93
5859 94
5876 95
5904 96
5960 97
5999 98
6046 99
6079 100
6106 101
6149 102
6183 103
6211 104
6246 105
6274 106
6303 107
6345 108
6374 109
6402 110
6428 111
6462 112
6511 113
6568 114
6598 115
6629 116
6656 117
6681 118
6711 119
6755 120
6774 121
6809 122
6835 123
6873 124
6904 125
6924 126
6945 127
6983 128
7020 129
7045 130
7075 131
7101 132
7123 133
7140 134
7159 135
7184 136
7211 137
7232 138
7262 139
7305 140
7337 141
7363 142
7397 143
7417 144
7440 145
7462 146
7481 147
7504 148
7533 149
7553 150
7581 151
7599 152
7627 153
7662 154
7680 155
7702 156
7720 157
7749 158
7772 159
7789 160
7810 161
7833 162
7855 163
7878 164
7907 165
7932 166
7949 167
7971 168
7999 169
8022 170
8037 171
8057 172
8076 173
8102 174
8123 175
8140 176
8160 177
8178 178
8200 179
8217 180
8243 181
8262 182
8293 183
8312 184
8335 185
8363 186
8387 187
8410 188
8444 189
8463 190
8485 191
8506 192
8526 193
8546 194
8564 195
8588 196
8607 197
8626 198
8644 199
8673 200
436 1
1005 2
1064 3
1489 4
1615 5
1730 6
1751 7
1790 8
1879 9
1924 10
2069 11
2144 12
2169 13
2202 14
2251 15
2543 16
2605 17
2631 18
2666 19
2697 20
2721 21
2809 22
2845 23
2913 24
2968 25
3037 26
3115 27
3219 28
3299 29
3335 30
3366 31
3409 32
3532 33
3582 34
3684 35
3741 36
3821 37
3906 38
4002 39
4031 40
4128 41
4170 42
4189 43
4230 44
4337 45
4373 46
4412 47
4450 48
4537 49
4570 50
4593 51
4618 52
4682 53
4742 54
4771 55
4799 56
4825 57
4847 58
4870 59
4906 60
4932 61
4974 62
4998 63
5041 64
5066 65
5101 66
5126 67
5167 68
5194 69
5217 70
5245 71
5266 72
5302 73
5326 74
5364 75
5384 76
5412 77
5441 78
5484 79
5517 80
5559 81
5587 82
5612 83
5640 84
5673 85
5699 86
5728 87
5748 88
5771 89
5799 90
5831 91
5854 92
5872 93
5890 94
5928 95
5959 96
5989 97
6025 98
6046 99
6068 100
6112 101
6220 102
6258 103
6286 104
6314 105
6334 106
6353 107
6373 108
6402 109
6419 110
6440 111
6458 112
6479 113
6503 114
6529 115
6566 116
6598 117
6615 118
6637 119
6652 120
6668 121
6690 122
6719 123
6746 124
6767 125
6786 126
6809 127
6835 128
6852 129
6874 130
6889 131
6906 132
6929 133
6946 134
6971 135
6991 136
7014 137
7045 138
7062 139
7079 140
7101 141
7118 142
7136 143
7157 144
7178 145
7196 146
7218 147
7238 148
7259 149
7287 150
7308 151
7325 152
7347 153
7368 154
7391 155
7415 156
7432 157
7447 158
7472 159
7493 160
7523 161
7538 162
7553 163
7570 164
7585 165
7601 166
7619 167
7636 168
7651 169
7666 170
7693 171
7712 172
7727 173
7748 174
7763 175
7781 176
7796 177
7819 178
7837 179
7855 180
7871 181
7886 182
7905 183
7921 184
7939 185
7954 186
7983 187
7999 188
8015 189
8035 190
8058 191
8076 192
8094 193
8116 194
8135 195
8153 196
8170 197
8186 198
8204 199
8229 200
480 1
1001 2
1240 3
1480 4
1627 5
1705 6
1784 7
1908 8
1933 9
2011 10
2077 11
2174 12
2255 13
2282 14
2346 15
2379 16
2471 17
2564 18
2644 19
2763 20
2792 21
2824 22
2981 23
3055 24
3104 25
3191 26
3224 27
3259 28
3440 29
3503 30
3544 31
3579 32
3644 33
3681 34
3744 35
3811 36
3908 37
3952 38
4027 39
4056 40
4242 41
4278 42
4319 43
4341 44
4402 45
4453 46
4481 47
4565 48
4590 49
4640 50
4667 51
4725 52
4756 53
4782 54
4812 55
4848 56
4890 57
4925 58
5023 59
5078 60
5113 61
5147 62
5172 63
5196 64
5249 65
5284 66
5322 67
5367 68
5392 69
5427 70
5448 71
5465 72
5491 73
5535 74
5585 75
5616 76
5655 77
5680 78
5711 79
5741 80
5767 81
5800 82
5837 83
5861 84
5886 85
5909 86
5929 87
5958 88
5987 89
6009 90
6033 91
6068 92
6097 93
6122 94
6139 95
6169 96
6195 97
6217 98
6241 99
6268 100
6297 101
6321 102
6361 103
6398 104
6421 105
6447 106
6462 107
6480 108
6514 109
6539 110
6563 111
6597 112
6618 113
6640 114
6659 115
6686 116
6701 117
6731 118
6758 119
6785 120
6812 121
6839 122
6862 123
6883 124
6900 125
6920 126
6936 127
6965 128
6982 129
6999 130
7024 131
7044 132
7063 133
7080 134
7099 135
7116 136
7143 137
7160 138
7178 139
7205 140
7222 141
7259 142
7290 143
7306 144
7327 145
7349 146
7371 147
7404 148
7423 149
7450 150
7468 151
7490 152
7513 153
7532 154
7549 155
7568 156
7588 157
7605 158
7621 159
7641 160
7660 161
7682 162
7707 163
7729 164
7748 165
7771 166
7786 167
7807 168
7833 169
7857 170
7874 171
7890 172
7909 173
7930 174
7948 175
7966 176
7983 177
8016 178
8033 179
8049 180
8066 181
8081 182
8100 183
8115 184
8130 185
8152 186
8173 187
8197 188
8214 189
8237 190
8267 191
8287 192
8304 193
8331 194
8352 195
8377 196
8402 197
8420 198
8463 199
8490 200
423 1
988 2
1181 3
1386 4
1529 5
1623 6
1725 7
1874 8
1953 9
1971 10
2046 11
2099 12
2206 13
2303 14
2523 15
2567 16
2665 17
2707 18
2867 19
2933 20
2957 21
3134 22
3221 23
3291 24
3340 25
3407 26
3439 27
3531 28
3597 29
3626 30
3710 31
3805 32
3924 33
3964 34
4028 35
4105 36
4148 37
4173 38
4265 39
4331 40
4355 41
4461 42
4490 43
4538 44
4566 45
4608 46
4636 47
4668 48
4737 49
4809 50
4847 51
4869 52
4918 53
4997 54
5026 55
5051 56
5126 57
5145 58
5174 59
5199 60
5223 61
5262 62
5308 63
5336 64
5361 65
5387 66
5412 67
5434 68
5457 69
5491 70
5524 71
5554 72
5573 73
5602 74
5631 75
5652 76
5700 77
5753 78
5781 79
5806 80
5837 81
5859 82
5894 83
5933 84
5964 85
5998 86
6015 87
6044 88
6090 89
6126 90
6154 91
6174 92
6208 93
6230 94
6254 95
6278 96
6307 97
6322 98
6354 99
6383 100
6408 101
6437 102
6465 103
6488 104
6521 105
6541 106
6570 107
6592 108
6617 109
6634 110
6649 111
6674 112
6693 113
6717 114
6739 115
6763 116
6785 117
6801 118
6821 119
6846 120
6864 121
6892 122
6910 123
6935 124
6955 125
6976 126
7003 127
7029 128
7044 129
7063 130
7084 131
7099 132
7115 133
7130 134
7149 135
7164 136
7179 137
7194 138
7211 139
7226 140
7243 141
7272 142
7295 143
7321 144
7346 145
7368 146
7388 147
7420 148
7435 149
7460 150
7481 151
7502 152
7519 153
7551 154
7570 155
7590 156
7609 157
7624 158
7641 159
7656 160
7672 161
7687 162
7716 163
7733 164
7752 165
7782 166
7801 167
7817 168
7832 169
7847 170
7873 171
7892 172
7908 173
7932 174
7953 175
7987 176
8013 177
8034 178
8059 179
8083 180
8099 181
8120 182
8146 183
8165 184
8189 185
8206 186
8222 187
8241 188
8259 189
8281 190
8297 191
8312 192
8329 193
8346 194
8361 195
8388 196
8405 197
8421 198
8445 199
8460 200
433 1
1084 2
1136 3
1282 4
1568 5
1648 6
1757 7
1828 8
1867 9
2031 10
2107 11
2308 12
2340 13
2379 14
2454 15
2523 16
2551 17
2594 18
2654 19
2766 20
2834 21
2924 22
2993 23
3024 24
3054 25
3255 26
3277 27
3316 28
3345 29
3385 30
3435 31
3468 32
3498 33
3595 34
3657 35
3687 36
3814 37
3853 38
3909 39
3935 40
3973 41
4100 42
4125 43
4165 44
4193 45
4228 46
4299 47
4335 48
4363 49
4435 50
4484 51
4563 52
4644 53
4664 54
4687 55
4723 56
4770 57
4815 58
4847 59
4879 60
4906 61
4939 62
4967 63
4998 64
5026 65
5085 66
5109 67
5156 68
5192 69
5217 70
5262 71
5282 72
5308 73
5348 74
5387 75
5415 76
5451 77
5491 78
5513 79
5553 80
5578 81
5607 82
5645 83
5663 84
5684 85
5708 86
5731 87
5753 88
5784 89
5812 90
5857 91
5881 92
5907 93
5928 94
5965 95
6004 96
6038 97
6057 98
6076 99
6102 100
6125 101
6156 102
6178 103
6198 104
6233 105
6255 106
6291 107
6309 108
6333 109
6370 110
6410 111
6428 112
6443 113
6465 114
6481 115
6501 116
6529 117
6548 118
6570 119
6605 120
6628 121
6647 122
6667 123
6688 124
6705 125
6726 126
6751 127
6792 128
6810 129
6835 130
6884 131
6918 132
6943 133
6968 134
6995 135
7018 136
7050 137
7074 138
7107 139
7131 140
7154 141
7176 142
7201 143
7234 144
7256 145
7304 146
7334 147
7373 148
7397 149
7418 150
7457 151
7493 152
7513 153
7541 154
7566 155
7609 156
7637 157
7661 158
7683 159
7711 160
7735 161
7763 162
7795 163
7825 164
7855 165
7881 166
7903 167
7920 168
7938 169
7959 170
7977 171
7994 172
8010 173
8026 174
8051 175
8070 176
8104 177
8119 178
8141 179
8160 180
8183 181
8202 182
8221 183
8252 184
8275 185
8299 186
8325 187
8342 188
8365 189
8395 190
8429 191
8449 192
8468 193
8485 194
8506 195
8527 196
8548 197
8564 198
8586 199
8606 200
461 1
1067 2
1290 3
1390 4
1507 5
1627 6
1762 7
1807 8
1858 9
1959 10
2022 11
2248 12
2459 13
2492 14
2528 15
2573 16
2638 17
2701 18
2804 19
2943 20
3081 21
3193 22
3250 23
3346 24
3384 25
3462 26
3583 27
3618 28
3778 29
3804 30
3829 31
3888 32
3974 33
4000 34
4165 35
4192 36
4224 37
4269 38
4329 39
4364 40
4460 41
4484 42
4509 43
4624 44
4696 45
4721 46
4743 47
4769 48
4794 49
4854 50
4889 51
4913 52
4957 53
4994 54
5079 55
5136 56
5178 57
5201 58
5245 59
5272 60
5302 61
5339 62
5361 63
5384 64
5411 65
5435 66
5463 67
5497 68
5520 69
5545 70
5567 71
5595 72
5618 73
5642 74
5672 75
5705 76
5771 77
5792 78
5812 79
5844 80
5881 81
5899 82
5918 83
5936 84
5979 85
6005 86
6027 87
6058 88
6096 89
6134 90
6164 91
6184 92
6210 93
6245 94
6282 95
6319 96
6335 97
6358 98
6380 99
6401 100
6425 101
6449 102
6469 103
6494 104
6514 105
6536 106
6564 107
6589 108
6609 109
6642 110
6682 111
6698 112
6725 113
6740 114
6758 115
6777 116
6802 117
6821 118
6837 119
6861 120
6880 121
6899 122
6921 123
6950 124
6970 125
6986 126
7003 127
7018 128
7048 129
7078 130
7097 131
7112 132
7128 133
7145 134
7165 135
7180 136
7197 137
7215 138
7231 139
7249 140
7267 141
7284 142
7311 143
7329 144
7353 145
7375 146
7394 147
7413 148
7440 149
7456 150
7475 151
7505 152
7531 153
7548 154
7569 155
7593 156
7611 157
7631 158
7649 159
7666 160
7685 161
7700 162
7716 163
7739 164
7757 165
7784 166
7800 167
7815 168
7831 169
7850 170
7866 171
7881 172
7899 173
7922 174
7938 175
7956 176
7972 177
7988 178
8006 179
8036 180
8055 181
8072 182
8089 183
8111 184
8128 185
8143 186
8159 187
8178 188
8201 189
8219 190
8237 191
8260 192
8282 193
8304 194
8323 195
8347 196
8368 197
8387 198
8411 199
8445 200
505 1
989 2
1229 3
1310 4
1637 5
1680 6
1720 7
1800 8
1851 9
1987 10
2042 11
2101 12
2177 13
2303 14
2408 15
2453 16
2522 17
2571 18
2685 19
2750 20
2798 21
2942 22
3087 23
3119 24
3189 25
3237 26
3271 27
3400 28
3521 29
3624 30
3649 31
3711 32
3867 33
3945 34
3996 35
4032 36
4061 37
4107 38
4247 39
4325 40
4445 41
4531 42
4566 43
4626 44
4714 45
4748 46
4798 47
4822 48
4849 49
4892 50
4944 51
4972 52
5027 53
5076 54
5107 55
5140 56
5210 57
5239 58
5264 59
5301 60
5344 61
5367 62
5401 63
5430 64
5508 65
5538 66
5558 67
5596 68
5624 69
5655 70
5682 71
5730 72
5755 73
5794 74
5838 75
5861 76
5896 77
5921 78
5940 79
5973 80
6012 81
6033 82
6056 83
6081 84
6109 85
6155 86
6187 87
6210 88
6237 89
6272 90
6293 91
6317 92
6352 93
6372 94
6389 95
6412 96
6448 97
6468 98
6494 99
6525 100
6544 101
6576 102
6609 103
6629 104
6649 105
6670 106
6693 107
6721 108
6746 109
6775 110
6808 111
6824 112
6845 113
6862 114
6888 115
6912 116
6936 117
6954 118
6971 119
7000 120
7026 121
7056 122
7081 123
7107 124
7138 125
7160 126
7194 127
7222 128
7256 129
7279 130
7316 131
7333 132
7356 133
7383 134
7406 135
7422 136
7448 137
7466 138
7481 139
7508 140
7529 141
7551 142
7569 143
7586 144
7605 145
7629 146
7644 147
7664 148
7682 149
7704 150
7725 151
7742 152
7762 153
7783 154
7798 155
7831 156
7853 157
7884 158
7906 159
7930 160
7954 161
7974 162
8000 163
8020 164
8044 165
8064 166
8091 167
8114 168
8138 169
8160 170
8180 171
8209 172
8261 173
8310 174
8327 175
8359 176
8382 177
8432 178
8452 179
8471 180
8492 181
8510 182
8528 183
8549 184
8570 185
8607 186
8627 187
8649 188
8669 189
8689 190
8711 191
8748 192
8769 193
8798 194
8822 195
8847 196
8869 197
8894 198
8916 199
8938 200
345 1
985 2
1229 3
1560 4
1691 5
1798 6
1850 7
1906 8
1990 9
2043 10
2128 11
2188 12
2223 13
2278 14
2311 15
2344 16
2490 17
2576 18
2603 19
2687 20
2753 21
2788 22
2906 23
2975 24
3059 25
3161 26
3200 27
3244 28
3295 29
3419 30
3460 31
3482 32
3523 33
3610 34
3643 35
3747 36
3828 37
3873 38
3903 39
3958 40
4031 41
4094 42
4123 43
4187 44
4216 45
4338 46
4443 47
4484 48
4568 49
4623 50
4648 51
4673 52
4698 53
4755 54
4783 55
4816 56
4856 57
4893 58
4934 59
4963 60
4984 61
5033 62
5052 63
5071 64
5165 65
5193 66
5226 67
5252 68
5282 69
5343 70
5374 71
5407 72
5425 73
5470 74
5514 75
5539 76
5582 77
5609 78
5639 79
5677 80
5724 81
5752 82
5784 83
5803 84
5829 85
5853 86
5880 87
5915 88
5941 89
5975 90
6022 91
6064 92
6088 93
6123 94
6147 95
6172 96
6204 97
6257 98
6283 99
6304 100
6334 101
6371 102
6417 103
6443 104
6475 105
6525 106
6556 107
6589 108
6626 109
6665 110
6706 111
6736 112
6763 113
6795 114
6823 115
6865 116
6913 117
6943 118
6971 119
6993 120
7021 121
7056 122
7076 123
7106 124
7130 125
7160 126
7180 127
7201 128
7249 129
7276 130
7297 131
7325 132
7345 133
7374 134
7401 135
7419 136
7446 137
7473 138
7497 139
7540 140
7560 141
7579 142
7600 143
7618 144
7636 145
7656 146
7676 147
7695 148
7718 149
7736 150
7762 151
7786 152
7816 153
7834 154
7857 155
7889 156
7906 157
7926 158
7947 159
7967 160
7991 161
8011 162
8038 163
8072 164
8095 165
8112 166
8130 167
8148 168
8164 169
8183 170
8199 171
8220 172
8241 173
8270 174
8287 175
8306 176
8325 177
8347 178
8367 179
8387 180
8402 181
8418 182
8439 183
8457 184
8472 185
8492 186
8508 187
8523 188
8538 189
8556 190
8573 191
8590 192
8606 193
8625 194
8644 195
8660 196
8685 197
8701 198
8717 199
8739 200
570 1
1040 2
1335 3
1466 4
1630 5
1672 6
1784 7
1904 8
2034 9
2055 10
2098 11
2122 12
2193 13
2279 14
2329 15
2400 16
2430 17
2579 18
2641 19
2682 20
2776 21
2893 22
2920 23
2945 24
2979 25
3039 26
3074 27
3179 28
3224 29
3257 30
3327 31
3499 32
3527 33
3586 34
3630 35
3663 36
3723 37
3782 38
3806 39
3853 40
3890 41
3923 42
3949 43
4048 44
4097 45
4135 46
4191 47
4233 48
4280 49
4305 50
4405 51
4429 52
4459 53
4501 54
4536 55
4585 56
4682 57
4713 58
4751 59
4773 60
4810 61
4833 62
4864 63
4901 64
4937 65
4972 66
5005 67
5033 68
5053 69
5084 70
5115 71
5138 72
5161 73
5201 74
5231 75
5263 76
5300 77
5327 78
5356 79
5385 80
5433 81
5452 82
5498 83
5544 84
5581 85
5601 86
5642 87
5665 88
5689 89
5744 90
5776 91
5798 92
5886 93
5918 94
5943 95
5969 96
6016 97
6049 98
6074 99
6106 100
6138 101
6162 102
6186 103
6204 104
6233 105
6271 106
6308 107
6337 108
6362 109
6400 110
6427 111
6448 112
6491 113
6510 114
6546 115
6581 116
6604 117
6642 118
6664 119
6685 120
6706 121
6738 122
6762 123
6790 124
6814 125
6838 126
6863 127
6891 128
6911 129
6932 130
6954 131
6974 132
6999 133
7038 134
7077 135
7098 136
7128 137
7154 138
7171 139
7192 140
7209 141
7230 142
7253 143
7286 144
7328 145
7354 146
7377 147
7397 148
7414 149
7434 150
7456 151
7478 152
7497 153
7517 154
7538 155
7557 156
7576 157
7595 158
7624 159
7641 160
7664 161
7683 162
7702 163
7725 164
7749 165
7773 166
7791 167
7817 168
7839 169
7862 170
7888 171
7903 172
7926 173
7954 174
7978 175
7997 176
8028 177
8054 178
8070 179
8091 180
8107 181
8128 182
8148 183
8168 184
8188 185
8203 186
8234 187
8257 188
8273 189
8291 190
8315 191
8333 192
8350 193
8370 194
8396 195
8416 196
8437 197
8460 198
8477 199
8497 200
495 1
1115 2
1316 3
1639 4
1693 5
1745 6
1781 7
1817 8
1891 9
1965 10
2041 11
2219 12
2284 13
2320 14
2408 15
2438 16
2577 17
2704 18
2842 19
2955 20
2981 21
3023 22
3160 23
3216 24
3235 25
3367 26
3457 27
3520 28
3548 29
3611 30
3779 31
3851 32
3912 33
3983 34
4021 35
4046 36
4084 37
4143 38
4207 39
4285 40
4322 41
4357 42
4380 43
4406 44
4525 45
4561 46
4587 47
4669 48
4696 49
4743 50
4775 51
4836 52
4865 53
4898 54
4934 55
4977 56
5073 57
5111 58
5139 59
5193 60
5215 61
5255 62
5282 63
5303 64
5325 65
5363 66
5390 67
5414 68
5465 69
5486 70
5515 71
5564 72
5615 73
5636 74
5692 75
5722 76
5742 77
5781 78
5813 79
5832 80
5867 81
5895 82
5918 83
5980 84
6012 85
6037 86
6070 87
6100 88
6128 89
6153 90
6189 91
6226 92
6266 93
6297 94
6340 95
6368 96
6399 97
6429 98
6457 99
6486 100
6529 101
6557 102
6586 103
6621 104
6648 105
6692 106
6719 107
6751 108
6767 109
6796 110
6819 111
6847 112
6873 113
6905 114
6924 115
6948 116
6970 117
6989 118
7020 119
7042 120
7067 121
7092 122
7119 123
7143 124
7169 125
7192 126
7217 127
7234 128
7262 129
7292 130
7313 131
7344 132
7364 133
7384 134
7399 135
7424 136
7452 137
7483 138
7505 139
7525 140
7552 141
7570 142
7587 143
7605 144
7627 145
7647 146
7668 147
7685 148
7710 149
7730 150
7751 151
7780 152
7795 153
7814 154
7831 155
7850 156
7871 157
7891 158
7906 159
7927 160
7944 161
7968 162
7994 163
8020 164
8039 165
8060 166
8078 167
8099 168
8117 169
8132 170
8149 171
8165 172
8189 173
8210 174
8253 175
8279 176
8297 177
8316 178
8347 179
8368 180
8399 181
8424 182
8449 183
8469 184
8493 185
8518 186
8541 187
8569 188
8593 189
8616 190
8643 191
8663 192
8688 193
8709 194
8732 195
8750 196
8768 197
8792 198
8818 199
8839 200
368 1
1248 2
1467 3
1597 4
1634 5
1676 6
1802 7
1982 8
2118 9
2204 10
2229 11
2288 12
2334 13
2388 14
2576 15
2637 16
2845 17
2877 18
2960 19
3033 20
3083 21
3151 22
3269 23
3302 24
3331 25
3391 26
3545 27
3587 28
3637 29
3668 30
3699 31
3808 32
3834 33
3983 34
4032 35
4153 36
4254 37
4283 38
4307 39
4352 40
4428 41
4555 42
4597 43
4625 44
4656 45
4688 46
4712 47
4740 48
4824 49
4870 50
4918 51
4943 52
4969 53
5007 54
5030 55
5077 56
5119 57
5197 58
5253 59
5305 60
5328 61
5366 62
5402 63
5432 64
5462 65
5482 66
5504 67
5608 68
5634 69
5666 70
5713 71
5756 72
5775 73
5794 74
5823 75
5858 76
5887 77
5908 78
5949 79
5969 80
5996 81
6022 82
6047 83
6075 84
6103 85
6145 86
6188 87
6218 88
6235 89
6258 90
6292 91
6320 92
6362 93
6389 94
6417 95
6434 96
6460 97
6481 98
6504 99
6521 100
6548 101
6571 102
6596 103
6616 104
6637 105
6659 106
6684 107
6711 108
6735 109
6758 110
6787 111
6813 112
6831 113
6863 114
6881 115
6904 116
6922 117
6942 118
6961 119
6977 120
6996 121
7020 122
7047 123
7071 124
7095 125
7112 126
7145 127
7164 128
7189 129
7210 130
7235 131
7260 132
7276 133
7293 134
7316 135
7333 136
7353 137
7374 138
7392 139
7423 140
7445 141
7481 142
7505 143
7531 144
7551 145
7571 146
7588 147
7603 148
7623 149
7639 150
7658 151
7673 152
7706 153
7728 154
7747 155
7765 156
7782 157
7799 158
7816 159
7841 160
7856 161
7874 162
7890 163
7912 164
7934 165
7954 166
7971 167
7991 168
8017 169
8036 170
8059 171
8079 172
8101 173
8119 174
8146 175
8166 176
8183 177
8206 178
8229 179
8255 180
8281 181
8304 182
8330 183
8359 184
8387 185
8410 186
8431 187
8452 188
8474 189
8500 190
8536 191
8553 192
8574 193
8593 194
8618 195
8637 196
8656 197
8676 198
8695 199
8719 200
472 1
787 2
1370 3
1485 4
1652 5
1765 6
1831 7
1870 8
1899 9
2052 10
2104 11
2173 12
2366 13
2446 14
2496 15
2622 16
2806 17
2843 18
2873 19
2924 20
2984 21
3030 22
3111 23
3212 24
3261 25
3313 26
3395 27
3426 28
3462 29
3506 30
3552 31
3584 32
3620 33
3715 34
3756 35
3861 36
4000 37
4059 38
4126 39
4150 40
4187 41
4290 42
4368 43
4421 44
4487 45
4512 46
4586 47
4617 48
4648 49
4674 50
4691 51
4795 52
4835 53
4918 54
4994 55
5027 56
5064 57
5107 58
5139 59
5175 60
5214 61
5238 62
5273 63
5301 64
5318 65
5351 66
5385 67
5423 68
5453 69
5494 70
5517 71
5554 72
5575 73
5602 74
5633 75
5658 76
5692 77
5718 78
5751 79
5772 80
5824 81
5845 82
5865 83
5885 84
5905 85
5926 86
5955 87
5973 88
6001 89
6035 90
6073 91
6107 92
6130 93
6157 94
6181 95
6206 96
6235 97
6265 98
6282 99
6306 100
6326 101
6345 102
6373 103
6396 104
6414 105
6441 106
6461 107
6484 108
6502 109
6524 110
6539 111
6557 112
6581 113
6605 114
6636 115
6666 116
6695 117
6726 118
6752 119
6777 120
6803 121
6835 122
6854 123
6877 124
6893 125
6909 126
6932 127
6951 128
6983 129
7001 130
7016 131
7040 132
7061 133
7084 134
7109 135
7125 136
7144 137
7166 138
7183 139
7201 140
7231 141
7249 142
7266 143
7302 144
7324 145
7347 146
7375 147
7398 148
7421 149
7448 150
7468 151
7493 152
7533 153
7549 154
7564 155
7597 156
7619 157
7641 158
7660 159
7675 160
7693 161
7712 162
7734 163
7750 164
7771 165
7787 166
7803 167
7822 168
7845 169
7862 170
7898 171
7915 172
7941 173
7961 174
7994 175
8022 176
8044 177
8064 178
8087 179
8111 180
8141 181
8180 182
8204 183
8238 184
8274 185
8310 186
8334 187
8351 188
8372 189
8389 190
8418 191
8437 192
8456 193
8483 194
8499 195
8527 196
8551 197
8568 198
8586 199
8607 200
611 1
910 2
1172 3
1275 4
1428 5
1525 6
1728 7
1787 8
2076 9
2122 10
2146 11
2208 12
2238 13
2279 14
2361 15
2379 16
2516 17
2618 18
2653 19
2752 20
2784 21
2889 22
2915 23
3100 24
3203 25
3235 26
3319 27
3349 28
3368 29
3390 30
3453 31
3483 32
3543 33
3608 34
3636 35
3703 36
3828 37
3915 38
3940 39
3990 40
4053 41
4150 42
4234 43
4262 44
4289 45
4326 46
4402 47
4485 48
4560 49
4605 50
4668 51
4691 52
4719 53
4777 54
4843 55
4895 56
4942 57
4967 58
5005 59
5048 60
5086 61
5136 62
5204 63
5246 64
5315 65
5365 66
5418 67
5471 68
5507 69
5534 70
5570 71
5602 72
5622 73
5643 74
5674 75
5710 76
5753 77
5785 78
5815 79
5843 80
5877 81
5909 82
5946 83
5978 84
6003 85
6023 86
6064 87
6091 88
6110 89
6135 90
6161 91
6184 92
6210 93
6233 94
6262 95
6292 96
6330 97
6359 98
6434 99
6471 100
6496 101
6524 102
6549 103
6574 104
6606 105
6621 106
6661 107
6690 108
6713 109
6734 110
6761 111
6788 112
6805 113
6827 114
6845 115
6861 116
6885 117
6907 118
6929 119
6964 120
7016 121
7046 122
7076 123
7102 124
7129 125
7154 126
7182 127
7200 128
7216 129
7245 130
7269 131
7298 132
7320 133
7357 134
7378 135
7398 136
7420 137
7445 138
7461 139
7485 140
7511 141
7526 142
7560 143
7577 144
7607 145
7630 146
7656 147
7673 148
7693 149
7714 150
7738 151
7756 152
7775 153
7799 154
7824 155
7853 156
7873 157
7900 158
7932 159
7948 160
7971 161
7991 162
8007 163
8024 164
8042 165
8059 166
8079 167
8095 168
8119 169
8138 170
8159 171
8185 172
8211 173
8232 174
8248 175
8266 176
8283 177
8300 178
8317 179
8337 180
8353 181
8371 182
8389 183
8409 184
8434 185
8453 186
8471 187
8489 188
8504 189
8523 190
8549 191
8567 192
8582 193
8598 194
8615 195
8636 196
8654 197
8670 198
8688 199
8704 200
424 1
1121 2
1338 3
1409 4
1461 5
1610 6
1761 7
1783 8
2004 9
2089 10
2121 11
2182 12
2279 13
2356 14
2398 15
2588 16
2697 17
2734 18
2796 19
2826 20
2923 21
2947 22
3054 23
3122 24
3182 25
3212 26
3282 27
3313 28
3422 29
3511 30
3549 31
3600 32
3629 33
3654 34
3697 35
3723 36
3810 37
3850 38
3885 39
4040 40
4069 41
4121 42
4147 43
4213 44
4260 45
4310 46
4358 47
4385 48
4440 49
4477 50
4520 51
4590 52
4634 53
4669 54
4697 55
4749 56
4775 57
4797 58
4822 59
4844 60
4878 61
4929 62
4969 63
5002 64
5021 65
5065 66
5104 67
5143 68
5189 69
5220 70
5257 71
5300 72
5342 73
5364 74
5387 75
5413 76
5450 77
5485 78
5516 79
5557 80
5579 81
5605 82
5641 83
5662 84
5683 85
5714 86
5751 87
5772 88
5798 89
5827 90
5854 91
5889 92
5910 93
5942 94
5960 95
5992 96
6022 97
6044 98
6076 99
6107 100
6126 101
6158 102
6193 103
6210 104
6245 105
6263 106
6283 107
6327 108
6351 109
6375 110
6399 111
6421 112
6442 113
6465 114
6481 115
6506 116
6531 117
6571 118
6602 119
6630 120
6652 121
6674 122
6692 123
6715 124
6731 125
6756 126
6783 127
6802 128
6819 129
6850 130
6866 131
6886 132
6907 133
6928 134
6946 135
6962 136
6979 137
6996 138
7015 139
7036 140
7054 141
7079 142
7097 143
7118 144
7141 145
7164 146
7192 147
7214 148
7238 149
7271 150
7293 151
7312 152
7336 153
7364 154
7382 155
7406 156
7422 157
7450 158
7466 159
7491 160
7509 161
7531 162
7549 163
7570 164
7585 165
7603 166
7621 167
7639 168
7657 169
7679 170
7706 171
7723 172
7741 173
7757 174
7774 175
7789 176
7807 177
7833 178
7848 179
7864 180
7882 181
7898 182
7916 183
7932 184
7957 185
7973 186
7999 187
8014 188
8035 189
8054 190
8076 191
8096 192
8111 193
8126 194
8149 195
8164 196
8186 197
8202 198
8222 199
8238 200
492 1
928 2
1414 3
1566 4
1636 5
1771 6
1915 7
1952 8
2007 9
2070 10
2126 11
2198 12
2277 13
2360 14
2460 15
2641 16
2740 17
2811 18
2928 19
3007 20
3032 21
3065 22
3189 23
3223 24
3287 25
3394 26
3428 27
3481 28
3595 29
3653 30
3697 31
3768 32
3794 33
3824 34
3893 35
3967 36
3994 37
4060 38
4087 39
4146 40
4237 41
4270 42
4299 43
4354 44
4383 45
4409 46
4458 47
4495 48
4531 49
4554 50
4666 51
4693 52
4730 53
4759 54
4785 55
4821 56
4870 57
4940 58
4973 59
5005 60
5036 61
5089 62
5113 63
5132 64
5155 65
5184 66
5213 67
5239 68
5267 69
5296 70
5318 71
5345 72
5374 73
5401 74
5443 75
5497 76
5523 77
5567 78
5603 79
5627 80
5651 81
5679 82
5703 83
5746 84
5784 85
5809 86
5843 87
5869 88
5894 89
5921 90
5945 91
5970 92
5996 93
6013 94
6049 95
6074 96
6101 97
6131 98
6155 99
6175 100
6202 101
6224 102
6248 103
6275 104
6306 105
6327 106
6349 107
6377 108
6403 109
6448 110
6474 111
6501 112
6526 113
6549 114
6572 115
6604 116
6625 117
6642 118
6674 119
6692 120
6719 121
6742 122
6761 123
6777 124
6794 125
6812 126
6831 127
6854 128
6882 129
6904 130
6925 131
6947 132
6966 133
6995 134
7035 135
7058 136
7086 137
7113 138
7142 139
7179 140
7201 141
7224 142
7249 143
7284 144
7315 145
7344 146
7383 147
7406 148
7428 149
7452 150
7478 151
7500 152
7523 153
7552 154
7574 155
7605 156
7634 157
7673 158
7699 159
7734 160
7757 161
7780 162
7809 163
7869 164
7903 165
7935 166
7962 167
7985 168
8008 169
8047 170
8077 171
8100 172
8118 173
8142 174
8177 175
8205 176
8234 177
8262 178
8287 179
8322 180
8353 181
8397 182
8425 183
8447 184
8464 185
8481 186
8502 187
8526 188
8544 189
8564 190
8595 191
8620 192
8640 193
8673 194
8698 195
8714 196
8730 197
8747 198
8766 199
8787 200
406 1
975 2
1302 3
1461 4
1497 5
1635 6
1697 7
1819 8
2022 9
2106 10
2177 11
2285 12
2309 13
2341 14
2421 15
2507 16
2586 17
2663 18
2691 19
2722 20
2752 21
2909 22
2956 23
3033 24
3116 25
3165 26
3186 27
3247 28
3280 29
3356 30
3385 31
3416 32
3465 33
3600 34
3729 35
3773 36
3804 37
3846 38
3900 39
4005 40
4092 41
4146 42
4174 43
4202 44
4243 45
4283 46
4354 47
4538 48
4573 49
4608 50
4668 51
4720 52
4762 53
4798 54
4818 55
4854 56
4924 57
4967 58
4986 59
5015 60
5049 61
5080 62
5142 63
5175 64
5216 65
5242 66
5278 67
5305 68
5330 69
5352 70
5373 71
5407 72
5431 73
5455 74
5510 75
5553 76
5612 77
5639 78
5668 79
5699 80
5725 81
5755 82
5788 83
5810 84
5838 85
5865 86
5885 87
5906 88
5926 89
5946 90
5973 91
5994 92
6015 93
6038 94
6083 95
6111 96
6151 97
6183 98
6222 99
6268 100
6290 101
6312 102
6345 103
6419 104
6443 105
6471 106
6507 107
6537 108
6572 109
6603 110
6626 111
6657 112
6688 113
6721 114
6749 115
6768 116
6803 117
6832 118
6871 119
6902 120
6919 121
6945 122
6972 123
7000 124
7020 125
7041 126
7060 127
7092 128
7114 129
7130 130
7154 131
7178 132
7211 133
7253 134
7279 135
7314 136
7347 137
7369 138
7392 139
7417 140
7436 141
7460 142
7481 143
7502 144
7523 145
7545 146
7562 147
7578 148
7600 149
7620 150
7642 151
7657 152
7681 153
7699 154
7714 155
7734 156
7761 157
7786 158
7803 159
7826 160
7856 161
7875 162
7893 163
7931 164
7952 165
7980 166
8002 167
8026 168
8055 169
8083 170
8120 171
8141 172
8161 173
8183 174
8204 175
8228 176
8263 177
8290 178
8311 179
8328 180
8357 181
8383 182
8406 183
8430 184
8449 185
8466 186
8483 187
8500 188
8515 189
8533 190
8558 191
8579 192
8594 193
8610 194
8627 195
8645 196
8660 197
8676 198
8698 199
8718 200
525 1
1137 2
1341 3
1608 4
1675 5
1728 6
1758 7
1850 8
1912 9
1958 10
2150 11
2179 12
2206 13
2338 14
2400 15
2600 16
2632 17
2677 18
2744 19
2814 20
2891 21
2934 22
3020 23
3046 24
3091 25
3186 26
3239 27
3295 28
3385 29
3427 30
3503 31
3589 32
3646 33
3759 34
3891 35
3928 36
4010 37
4086 38
4128 39
4181 40
4278 41
4328 42
4357 43
4385 44
4494 45
4589 46
4620 47
4641 48
4723 49
4769 50
4862 51
4903 52
4991 53
5020 54
5045 55
5085 56
5115 57
5173 58
5228 59
5252 60
5289 61
5310 62
5332 63
5402 64
5457 65
5479 66
5516 67
5538 68
5570 69
5596 70
5627 71
5649 72
5678 73
5741 74
5774 75
5815 76
5846 77
5877 78
5923 79
5971 80
5999 81
6023 82
6047 83
6079 84
6114 85
6139 86
6173 87
6202 88
6224 89
6242 90
6265 91
6291 92
6313 93
6340 94
6374 95
6423 96
6462 97
6494 98
6521 99
6550 100
6571 101
6607 102
6648 103
6679 104
6706 105
6743 106
6770 107
6802 108
6820 109
6849 110
6875 111
6894 112
6924 113
6946 114
6970 115
7000 116
7028 117
7056 118
7087 119
7108 120
7138 121
7164 122
7193 123
7217 124
7261 125
7291 126
7323 127
7349 128
7368 129
7393 130
7429 131
7454 132
7476 133
7505 134
7526 135
7558 136
7580 137
7602 138
7623 139
7652 140
7677 141
7696 142
7731 143
7766 144
7796 145
7814 146
7852 147
7875 148
7895 149
7929 150
7953 151
7979 152
8008 153
8032 154
8050 155
8074 156
8110 157
8144 158
8167 159
8195 160
8216 161
8237 162
8263 163
8286 164
8310 165
8337 166
8352 167
8374 168
8394 169
8413 170
8432 171
8453 172
8471 173
8497 174
8516 175
8539 176
8560 177
8582 178
8610 179
8631 180
8652 181
8674 182
8707 183
8726 184
8747 185
8778 186
8796 187
8825 188
8845 189
8863 190
8882 191
8915 192
8933 193
8950 194
8970 195
8989 196
9012 197
9032 198
9059 199
9075 200
432 1
1149 2
1301 3
1398 4
1443 5
1567 6
1786 7
1878 8
1986 9
2013 10
2085 11
2264 12
2313 13
2401 14
2581 15
2631 16
2732 17
2762 18
2784 19
2806 20
2843 21
2866 22
2892 23
3046 24
3177 25
3213 26
3287 27
3319 28
3343 29
3426 30
3542 31
3571 32
3658 33
3680 34
3762 35
3860 36
3890 37
3913 38
3952 39
3983 40
4015 41
4068 42
4114 43
4162 44
4186 45
4253 46
4351 47
4385 48
4407 49
4434 50
4493 51
4582 52
4608 53
4652 54
4680 55
4742 56
4765 57
4815 58
4858 59
4888 60
4920 61
4961 62
4980 63
5009 64
5092 65
5111 66
5136 67
5163 68
5186 69
5232 70
5260 71
5283 72
5317 73
5350 74
5396 75
5426 76
5444 77
5467 78
5497 79
5534 80
5565 81
5612 82
5652 83
5671 84
5700 85
5724 86
5749 87
5777 88
5824 89
5860 90
5897 91
5921 92
5941 93
5965 94
5988 95
6009 96
6033 97
6061 98
6087 99
6112 100
6132 101
6153 102
6185 103
6210 104
6245 105
6263 106
6284 107
6303 108
6328 109
6346 110
6365 111
6382 112
6412 113
6436 114
6457 115
6476 116
6492 117
6517 118
6551 119
6566 120
6585 121
6603 122
6619 123
6634 124
6670 125
6691 126
6716 127
6733 128
6748 129
6766 130
6796 131
6826 132
6842 133
6857 134
6876 135
6895 136
6916 137
6942 138
6957 139
6973 140
6992 141
7013 142
7028 143
7049 144
7065 145
7089 146
7120 147
7142 148
7159 149
7179 150
7202 151
7225 152
7244 153
7265 154
7295 155
7313 156
7335 157
7355 158
7374 159
7393 160
7412 161
7434 162
7456 163
7472 164
7497 165
7518 166
7542 167
7561 168
7587 169
7607 170
7623 171
7640 172
7656 173
7675 174
7703 175
7722 176
7744 177
7765 178
7792 179
7812 180
7833 181
7853 182
7879 183
7897 184
7913 185
7930 186
7952 187
7968 188
7991 189
8007 190
8029 191
8049 192
8076 193
8094 194
8122 195
8143 196
8170 197
8190 198
8209 199
8237 200
423 1
1070 2
1379 3
1513 4
1576 5
1643 6
1741 7
1812 8
1841 9
1870 10
1904 11
2130 12
2249 13
2317 14
2342 15
2410 16
2547 17
2591 18
2615 19
2672 20
2790 21
2841 22
2864 23
2915 24
3118 25
3144 26
3195 27
3241 28
3264 29
3315 30
3349 31
3405 32
3593 33
3651 34
3700 35
3766 36
3826 37
3888 38
3913 39
4022 40
4078 41
4117 42
4191 43
4224 44
4284 45
4313 46
4349 47
4450 48
4479 49
4514 50
4566 51
4591 52
4680 53
4707 54
4734 55
4761 56
4785 57
4820 58
4839 59
4868 60
4920 61
4941 62
4971 63
5026 64
5047 65
5078 66
5104 67
5161 68
5195 69
5235 70
5259 71
5314 72
5339 73
5359 74
5400 75
5431 76
5449 77
5476 78
5506 79
5531 80
5557 81
5580 82
5604 83
5629 84
5663 85
5688 86
5723 87
5745 88
5778 89
5804 90
5825 91
5860 92
5887 93
5908 94
5941 95
5963 96
5986 97
6021 98
6050 99
6071 100
6094 101
6128 102
6151 103
6174 104
6211 105
6229 106
6256 107
6279 108
6304 109
6333 110
6358 111
6378 112
6398 113
6418 114
6444 115
6461 116
6485 117
6510 118
6542 119
6561 120
6580 121
6604 122
6639 123
6662 124
6697 125
6721 126
6746 127
6784 128
6803 129
6840 130
6855 131
6878 132
6893 133
6911 134
6926 135
6944 136
6962 137
6983 138
7002 139
7018 140
7037 141
7056 142
7072 143
7092 144
7110 145
7127 146
7146 147
7173 148
7191 149
7217 150
7237 151
7258 152
7282 153
7300 154
7326 155
7342 156
7367 157
7391 158
7408 159
7431 160
7446 161
7464 162
7482 163
7504 164
7523 165
7548 166
7566 167
7591 168
7607 169
7622 170
7642 171
7664 172
7682 173
7702 174
7717 175
7738 176
7754 177
7773 178
7788 179
7806 180
7822 181
7853 182
7878 183
7903 184
7926 185
7947 186
8000 187
8032 188
8053 189
8075 190
8111 191
8139 192
8174 193
8196 194
8214 195
8235 196
8252 197
8271 198
8288 199
8308 200
472 1
837 2
1271 3
1335 4
1574 5
1656 6
1745 7
1774 8
1878 9
1918 10
2020 11
2168 12
2194 13
2307 14
2357 15
2439 16
2468 17
2637 18
2768 19
2802 20
2831 21
2891 22
2939 23
2986 24
3074 25
3101 26
3124 27
3218 28
3250 29
3315 30
3353 31
3385 32
3447 33
3619 34
3702 35
3782 36
3825 37
3863 38
3921 39
3989 40
4015 41
4049 42
4108 43
4194 44
4254 45
4359 46
4403 47
4533 48
4581 49
4618 50
4662 51
4742 52
4805 53
4841 54
4909 55
4931 56
4968 57
5003 58
5048 59
5077 60
5128 61
5159 62
5190 63
5215 64
5241 65
5288 66
5347 67
5381 68
5417 69
5451 70
5507 71
5562 72
5590 73
5616 74
5644 75
5677 76
5695 77
5723 78
5749 79
5774 80
5811 81
5839 82
5869 83
5897 84
5945 85
5984 86
6032 87
6062 88
6092 89
6114 90
6186 91
6213 92
6231 93
6257 94
6281 95
6314 96
6343 97
6394 98
6421 99
6448 100
6474 101
6508 102
6535 103
6561 104
6587 105
6613 106
6642 107
6664 108
6693 109
6711 110
6751 111
6785 112
6810 113
6835 114
6861 115
6888 116
6910 117
6929 118
6959 119
6980 120
6996 121
7021 122
7055 123
7084 124
7105 125
7126 126
7151 127
7174 128
7212 129
7240 130
7269 131
7295 132
7316 133
7340 134
7360 135
7377 136
7420 137
7448 138
7475 139
7497 140
7541 141
7559 142
7579 143
7608 144
7629 145
7655 146
7674 147
7691 148
7709 149
7733 150
7752 151
7776 152
7801 153
7819 154
7839 155
7866 156
7887 157
7904 158
7924 159
7950 160
7975 161
8000 162
8028 163
8044 164
8065 165
8082 166
8102 167
8117 168
8135 169
8153 170
8168 171
8186 172
8202 173
8224 174
8239 175
8257 176
8277 177
8293 178
8308 179
8323 180
8340 181
8355 182
8371 183
8386 184
8405 185
8423 186
8440 187
8459 188
8475 189
8492 190
8507 191
8532 192
8548 193
8564 194
8591 195
8611 196
8626 197
8644 198
8665 199
8680 200
495 1
1087 2
1314 3
1475 4
1509 5
1707 6
1755 7
1954 8
2037 9
2062 10
2088 11
2204 12
2235 13
2261 14
2414 15
2484 16
2506 17
2561 18
2638 19
2689 20
2719 21
2809 22
2931 23
2999 24
3026 25
3060 26
3118 27
3177 28
3249 29
3363 30
3446 31
3477 32
3500 33
3603 34
3724 35
3753 36
3786 37
3834 38
3861 39
3882 40
4004 41
4029 42
4080 43
4120 44
4146 45
4242 46
4288 47
4393 48
4437 49
4469 50
4529 51
4591 52
4653 53
4681 54
4739 55
4790 56
4843 57
4870 58
4900 59
4930 60
4966 61
4990 62
5027 63
5071 64
5107 65
5131 66
5152 67
5197 68
5230 69
5256 70
5311 71
5337 72
5357 73
5373 74
5421 75
5459 76
5488 77
5504 78
5533 79
5582 80
5613 81
5637 82
5659 83
5691 84
5714 85
5740 86
5766 87
5786 88
5816 89
5838 90
5858 91
5888 92
5912 93
5930 94
5958 95
5984 96
6011 97
6036 98
6057 99
6086 100
6122 101
6162 102
6188 103
6229 104
6257 105
6286 106
6312 107
6344 108
6373 109
6411 110
6427 111
6449 112
6471 113
6501 114
6525 115
6552 116
6575 117
6608 118
6625 119
6653 120
6696 121
6716 122
6737 123
6757 124
6783 125
6808 126
6841 127
6861 128
6882 129
6912 130
6928 131
6952 132
6971 133
7004 134
7024 135
7042 136
7059 137
7086 138
7103 139
7120 140
7141 141
7162 142
7184 143
7203 144
7226 145
7253 146
7272 147
7299 148
7316 149
7336 150
7372 151
7393 152
7408 153
7426 154
7448 155
7468 156
7492 157
7514 158
7539 159
7562 160
7581 161
7603 162
7622 163
7648 164
7670 165
7689 166
7706 167
7729 168
7751 169
7776 170
7793 171
7813 172
7834 173
7850 174
7876 175
7892 176
7908 177
7923 178
7939 179
7955 180
7978 181
7997 182
8014 183
8033 184
8050 185
8067 186
8103 187
8120 188
8135 189
8150 190
8169 191
8184 192
8201 193
8228 194
8245 195
8261 196
8276 197
8305 198
8328 199
8355 200
381 1
1149 2
1446 3
1503 4
1604 5
1642 6
1726 7
1846 8
1896 9
2056 10
2116 11
2265 12
2338 13
2440 14
2473 15
2560 16
2590 17
2707 18
2762 19
2808 20
2973 21
3005 22
3068 23
3110 24
3175 25
3238 26
3319 27
3347 28
3382 29
3414 30
3441 31
3515 32
3681 33
3708 34
3738 35
3801 36
3833 37
3920 38
3955 39
3979 40
4054 41
4089 42
4209 43
4248 44
4282 45
4320 46
4348 47
4398 48
4577 49
4617 50
4692 51
4782 52
4821 53
4869 54
4924 55
4957 56
4987 57
5023 58
5052 59
5078 60
5134 61
5162 62
5188 63
5233 64
5265 65
5300 66
5319 67
5364 68
5405 69
5468 70
5490 71
5519 72
5552 73
5601 74
5621 75
5648 76
5695 77
5717 78
5756 79
5788 80
5813 81
5849 82
5882 83
5901 84
5925 85
5992 86
6017 87
6033 88
6059 89
6079 90
6110 91
6140 92
6166 93
6190 94
6213 95
6240 96
6266 97
6290 98
6308 99
6329 100
6359 101
6378 102
6399 103
6439 104
6467 105
6487 106
6524 107
6546 108
6566 109
6588 110
6613 111
6638 112
6690 113
6710 114
6733 115
6759 116
6791 117
6813 118
6844 119
6866 120
6889 121
6911 122
6940 123
6966 124
6983 125
7001 126
7036 127
7068 128
7102 129
7140 130
7158 131
7178 132
7198 133
7233 134
7256 135
7275 136
7294 137
7316 138
7333 139
7358 140
7381 141
7398 142
7417 143
7432 144
7455 145
7483 146
7504 147
7530 148
7561 149
7590 150
7608 151
7629 152
7654 153
7690 154
7738 155
7767 156
7821 157
7843 158
7870 159
7890 160
7915 161
7935 162
7959 163
7983 164
8006 165
8050 166
8080 167
8102 168
8120 169
8156 170
8189 171
8223 172
8248 173
8272 174
8295 175
8314 176
8337 177
8355 178
8377 179
8409 180
8429 181
8452 182
8488 183
8517 184
8537 185
8558 186
8580 187
8602 188
8634 189
8655 190
8679 191
8705 192
8729 193
8781 194
8813 195
8848 196
8870 197
8894 198
8923 199
8944 200
395 1
1284 2
1380 3
1525 4
1648 5
1684 6
1811 7
1885 8
1973 9
2029 10
2108 11
2182 12
2268 13
2492 14
2602 15
2700 16
2727 17
2756 18
2799 19
2904 20
2935 21
3014 22
3062 23
3115 24
3173 25
3230 26
3352 27
3390 28
3463 29
3581 30
3609 31
3640 32
3680 33
3727 34
3819 35
3861 36
3922 37
3947 38
3987 39
4028 40
4085 41
4166 42
4189 43
4264 44
4365 45
4457 46
4485 47
4580 48
4615 49
4637 50
4674 51
4803 52
4825 53
4850 54
4889 55
4922 56
4953 57
4988 58
5025 59
5046 60
5069 61
5159 62
5204 63
5305 64
5341 65
5371 66
5422 67
5454 68
5487 69
5517 70
5561 71
5586 72
5613 73
5650 74
5702 75
5728 76
5755 77
5775 78
5812 79
5856 80
5883 81
5911 82
5950 83
5983 84
6011 85
6035 86
6071 87
6121 88
6158 89
6183 90
6220 91
6282 92
6308 93
6337 94
6359 95
6385 96
6413 97
6436 98
6468 99
6503 100
6523 101
6558 102
6585 103
6626 104
6655 105
6676 106
6696 107
6722 108
6747 109
6780 110
6798 111
6827 112
6851 113
6888 114
6908 115
6932 116
6958 117
6982 118
7003 119
7026 120
7048 121
7071 122
7096 123
7128 124
7148 125
7166 126
7182 127
7208 128
7238 129
7255 130
7284 131
7312 132
7338 133
7361 134
7377 135
7397 136
7414 137
7431 138
7453 139
7482 140
7499 141
7530 142
7551 143
7567 144
7595 145
7622 146
7640 147
7662 148
7681 149
7698 150
7719 151
7734 152
7755 153
7773 154
7790 155
7806 156
7829 157
7846 158
7862 159
7877 160
7894 161
7915 162
7931 163
7952 164
7968 165
8004 166
8024 167
8044 168
8074 169
8094 170
8114 171
8133 172
8159 173
8180 174
8201 175
8223 176
8239 177
8259 178
8285 179
8304 180
8334 181
8358 182
8379 183
8398 184
8414 185
8433 186
8449 187
8465 188
8485 189
8504 190
8528 191
8549 192
8567 193
8583 194
8599 195
8615 196
8637 197
8655 198
8680 199
8696 200
453 1
1066 2
1119 3
1398 4
1471 5
1592 6
1633 7
1744 8
1930 9
1983 10
2077 11
2119 12
2187 13
2300 14
2456 15
2556 16
2622 17
2688 18
2756 19
2910 20
2950 21
3028 22
3055 23
3076 24
3208 25
3362 26
3417 27
3444 28
3503 29
3560 30
3685 31
3709 32
3788 33
3833 34
3917 35
3984 36
4062 37
4146 38
4225 39
4306 40
4354 41
4378 42
4435 43
4501 44
4524 45
4609 46
4648 47
4729 48
4773 49
4800 50
4823 51
4848 52
4895 53
4921 54
4957 55
4985 56
5018 57
5061 58
5083 59
5145 60
5175 61
5217 62
5241 63
5268 64
5334 65
5361 66
5382 67
5404 68
5435 69
5457 70
5487 71
5532 72
5564 73
5608 74
5651 75
5677 76
5748 77
5773 78
5792 79
5824 80
5846 81
5864 82
5883 83
5910 84
5942 85
5969 86
5999 87
6017 88
6053 89
6082 90
6106 91
6167 92
6194 93
6221 94
6249 95
6297 96
6328 97
6352 98
6380 99
6437 100
6467 101
6491 102
6514 103
6535 104
6564 105
6590 106
6615 107
6645 108
6693 109
6719 110
6747 111
6772 112
6794 113
6819 114
6840 115
6881 116
6920 117
6943 118
6964 119
6991 120
7011 121
7043 122
7070 123
7092 124
7124 125
7159 126
7178 127
7201 128
7221 129
7252 130
7281 131
7312 132
7329 133
7354 134
7372 135
7403 136
7426 137
7444 138
7472 139
7492 140
7513 141
7534 142
7552 143
7574 144
7595 145
7611 146
7630 147
7645 148
7669 149
7685 150
7706 151
7729 152
7748 153
7770 154
7799 155
7822 156
7841 157
7863 158
7881 159
7907 160
7928 161
7949 162
7971 163
7986 164
8003 165
8018 166
8044 167
8061 168
8080 169
8098 170
8113 171
8131 172
8150 173
8172 174
8197 175
8213 176
8233 177
8255 178
8273 179
8300 180
8327 181
8343 182
8372 183
8395 184
8411 185
8429 186
8450 187
8466 188
8490 189
8512 190
8531 191
8556 192
8578 193
8607 194
8631 195
8650 196
8672 197
8691 198
8709 199
8730 200
650 1
1093 2
1235 3
1435 4
1498 5
1602 6
1845 7
1914 8
1950 9
2033 10
2058 11
2103 12
2203 13
2323 14
2443 15
2515 16
2756 17
2781 18
2900 19
3003 20
3080 21
3106 22
3133 23
3235 24
3318 25
3357 26
3448 27
3485 28
3553 29
3591 30
3747 31
3780 32
3810 33
3836 34
3909 35
3947 36
3993 37
4059 38
4138 39
4178 40
4229 41
4282 42
4313 43
4360 44
4445 45
4471 46
4528 47
4559 48
4642 49
4674 50
4696 51
4720 52
4757 53
4783 54
4812 55
4860 56
4884 57
5011 58
5037 59
5079 60
5102 61
5151 62
5175 63
5213 64
5240 65
5262 66
5297 67
5317 68
5337 69
5370 70
5391 71
5436 72
5473 73
5495 74
5518 75
5551 76
5574 77
5604 78
5638 79
5662 80
5696 81
5716 82
5745 83
5799 84
5824 85
5851 86
5880 87
5906 88
5927 89
5949 90
5972 91
6006 92
6035 93
6056 94
6081 95
6112 96
6135 97
6174 98
6220 99
6245 100
6274 101
6299 102
6324 103
6347 104
6368 105
6406 106
6427 107
6452 108
6474 109
6500 110
6516 111
6538 112
6554 113
6579 114
6595 115
6642 116
6658 117
6676 118
6695 119
6714 120
6735 121
6759 122
6780 123
6813 124
6843 125
6873 126
6895 127
6914 128
6949 129
6969 130
7014 131
7046 132
7085 133
7111 134
7140 135
7168 136
7191 137
7213 138
7239 139
7267 140
7291 141
7314 142
7335 143
7362 144
7379 145
7397 146
7415 147
7432 148
7449 149
7465 150
7480 151
7500 152
7520 153
7544 154
7570 155
7589 156
7605 157
7624 158
7639 159
7663 160
7690 161
7705 162
7728 163
7745 164
7765 165
7792 166
7818 167
7838 168
7867 169
7887 170
7903 171
7925 172
7944 173
7959 174
7987 175
8012 176
8029 177
8044 178
8059 179
8081 180
8102 181
8119 182
8136 183
8151 184
8166 185
8185 186
8200 187
8218 188
8236 189
8251 190
8269 191
8284 192
8302 193
8321 194
8338 195
8356 196
8372 197
8390 198
8410 199
8426 200
517 1
1143 2
1327 3
1521 4
1626 5
1709 6
1798 7
1848 8
2073 9
2277 10
2423 11
2548 12
2578 13
2611 14
2648 15
2767 16
2805 17
2984 18
3134 19
3157 20
3211 21
3248 22
3295 23
3425 24
3451 25
3475 26
3557 27
3592 28
3755 29
3834 30
3858 31
3925 32
3960 33
4066 34
4112 35
4186 36
4266 37
4335 38
4377 39
4422 40
4475 41
4509 42
4564 43
4599 44
4655 45
4686 46
4709 47
4779 48
4841 49
4872 50
4919 51
4948 52
4974 53
5009 54
5038 55
5070 56
5132 57
5192 58
5220 59
5245 60
5266 61
5295 62
5323 63
5360 64
5385 65
5413 66
5474 67
5533 68
5564 69
5584 70
5612 71
5632 72
5684 73
5709 74
5761 75
5795 76
5822 77
5851 78
5880 79
5914 80
5945 81
5971 82
6008 83
6042 84
6077 85
6122 86
6160 87
6180 88
6199 89
6230 90
6251 91
6278 92
6302 93
6325 94
6343 95
6367 96
6385 97
6410 98
6446 99
6471 100
6499 101
6516 102
6548 103
6568 104
6591 105
6609 106
6631 107
6662 108
6681 109
6710 110
6744 111
6769 112
6795 113
6815 114
6848 115
6879 116
6904 117
6952 118
6982 119
7008 120
7040 121
7057 122
7092 123
7116 124
7149 125
7176 126
7194 127
7212 128
7234 129
7259 130
7278 131
7296 132
7315 133
7332 134
7350 135
7378 136
7410 137
7431 138
7458 139
7480 140
7508 141
7524 142
7547 143
7562 144
7583 145
7601 146
7617 147
7637 148
7660 149
7678 150
7696 151
7717 152
7735 153
7757 154
7778 155
7797 156
7813 157
7834 158
7854 159
7869 160
7893 161
7916 162
7942 163
7961 164
7979 165
8004 166
8031 167
8054 168
8078 169
8102 170
8118 171
8140 172
8161 173
8184 174
8215 175
8240 176
8271 177
8293 178
8310 179
8333 180
8354 181
8374 182
8399 183
8421 184
8444 185
8462 186
8484 187
8504 188
8523 189
8554 190
8586 191
8608 192
8627 193
8651 194
8677 195
8704 196
8722 197
8761 198
8781 199
8799 200
489 1
983 2
1355 3
1536 4
1674 5
1699 6
1755 7
1801 8
1846 9
1942 10
2085 11
2249 12
2294 13
2337 14
2412 15
2480 16
2646 17
2682 18
2794 19
2825 20
2871 21
2909 22
2998 23
3052 24
3078 25
3105 26
3221 27
3284 28
3337 29
3418 30
3482 31
3512 32
3549 33
3646 34
3771 35
3820 36
3897 37
3934 38
3964 39
3992 40
4037 41
4197 42
4255 43
4277 44
4320 45
4377 46
4460 47
4507 48
4533 49
4629 50
4655 51
4678 52
4707 53
4732 54
4766 55
4789 56
4876 57
4896 58
4932 59
4986 60
5033 61
5065 62
5104 63
5165 64
5197 65
5226 66
5258 67
5301 68
5346 69
5375 70
5444 71
5491 72
5521 73
5570 74
5608 75
5667 76
5693 77
5723 78
5751 79
5796 80
5816 81
5853 82
5886 83
5956 84
5990 85
6010 86
6037 87
6093 88
6112 89
6155 90
6190 91
6217 92
6248 93
6273 94
6312 95
6332 96
6349 97
6375 98
6396 99
6421 100
6444 101
6480 102
6501 103
6520 104
6557 105
6585 106
6630 107
6668 108
6709 109
6760 110
6805 111
6831 112
6869 113
6897 114
6920 115
6936 116
6970 117
7005 118
7028 119
7051 120
7101 121
7151 122
7190 123
7238 124
7270 125
7295 126
7320 127
7350 128
7373 129
7402 130
7435 131
7458 132
7481 133
7504 134
7525 135
7551 136
7575 137
7598 138
7633 139
7656 140
7678 141
7707 142
7730 143
7763 144
7785 145
7826 146
7873 147
7899 148
7925 149
7958 150
7979 151
8032 152
8059 153
8082 154
8114 155
8148 156
8173 157
8210 158
8241 159
8266 160
8287 161
8319 162
8341 163
8365 164
8396 165
8426 166
8448 167
8472 168
8493 169
8522 170
8545 171
8568 172
8593 173
8616 174
8647 175
8672 176
8699 177
8720 178
8748 179
8769 180
8786 181
8812 182
8832 183
8852 184
8876 185
8916 186
8939 187
8966 188
8986 189
9014 190
9035 191
9058 192
9079 193
9101 194
9126 195
9161 196
9183 197
9204 198
9231 199
9257 200
348 1
1236 2
1448 3
1613 4
1636 5
1674 6
1793 7
1995 8
2125 9
2183 10
2305 11
2367 12
2391 13
2462 14
2572 15
2680 16
2741 17
2844 18
2958 19
2983 20
3009 21
3041 22
3123 23
3162 24
3271 25
3357 26
3388 27
3429 28
3497 29
3600 30
3728 31
3794 32
3845 33
3882 34
3930 35
3950 36
3980 37
4146 38
4268 39
4334 40
4368 41
4443 42
4470 43
4490 44
4519 45
4552 46
4574 47
4622 48
4657 49
4681 50
4742 51
4771 52
4793 53
4833 54
4896 55
4960 56
4985 57
5009 58
5049 59
5076 60
5107 61
5147 62
5173 63
5234 64
5273 65
5294 66
5330 67
5356 68
5392 69
5426 70
5451 71
5471 72
5496 73
5537 74
5566 75
5594 76
5633 77
5655 78
5695 79
5724 80
5746 81
5776 82
5817 83
5844 84
5877 85
5905 86
5945 87
5993 88
6059 89
6087 90
6136 91
6192 92
6210 93
6239 94
6264 95
6291 96
6318 97
6364 98
6391 99
6424 100
6450 101
6472 102
6502 103
6536 104
6567 105
6590 106
6637 107
6661 108
6680 109
6713 110
6742 111
6797 112
6830 113
6862 114
6880 115
6900 116
6946 117
6963 118
6992 119
7013 120
7038 121
7059 122
7079 123
7098 124
7118 125
7145 126
7168 127
7213 128
7236 129
7254 130
7274 131
7291 132
7318 133
7340 134
7361 135
7386 136
7401 137
7429 138
7456 139
7487 140
7521 141
7549 142
7567 143
7585 144
7605 145
7626 146
7642 147
7659 148
7676 149
7695 150
7715 151
7738 152
7763 153
7790 154
7808 155
7824 156
7846 157
7864 158
7881 159
7897 160
7917 161
7935 162
7954 163
7974 164
7989 165
8011 166
8029 167
8053 168
8070 169
8086 170
8116 171
8131 172
8146 173
8170 174
8186 175
8205 176
8225 177
8246 178
8280 179
8300 180
8322 181
8346 182
8369 183
8386 184
8401 185
8422 186
8438 187
8455 188
8471 189
8491 190
8509 191
8533 192
8551 193
8569 194
8591 195
8618 196
8643 197
8667 198
8694 199
8723 200
228 1
1054 2
1302 3
1422 4
1623 5
1683 6
1795 7
1892 8
1950 9
1975 10
2095 11
2221 12
2265 13
2357 14
2460 15
2488 16
2589 17
2638 18
2742 19
2791 20
2817 21
2881 22
2950 23
2979 24
3043 25
3076 26
3099 27
3160 28
3301 29
3415 30
3464 31
3528 32
3606 33
3635 34
3728 35
3755 36
3839 37
3870 38
3894 39
3938 40
3968 41
3999 42
4030 43
4146 44
4185 45
4268 46
4301 47
4366 48
4398 49
4422 50
4460 51
4494 52
4522 53
4612 54
4648 55
4744 56
4768 57
4797 58
4860 59
4902 60
4925 61
4959 62
4990 63
5015 64
5066 65
5099 66
5128 67
5155 68
5193 69
5238 70
5276 71
5298 72
5343 73
5393 74
5449 75
5476 76
5558 77
5581 78
5609 79
5639 80
5671 81
5699 82
5718 83
5745 84
5766 85
5796 86
5818 87
5848 88
5886 89
5902 90
5927 91
5948 92
5976 93
5997 94
6014 95
6037 96
6057 97
6076 98
6105 99
6129 100
6158 101
6178 102
6205 103
6229 104
6251 105
6284 106
6309 107
6324 108
6346 109
6382 110
6409 111
6436 112
6455 113
6479 114
6511 115
6532 116
6560 117
6586 118
6611 119
6653 120
6668 121
6696 122
6715 123
6744 124
6773 125
6789 126
6814 127
6835 128
6858 129
6874 130
6889 131
6907 132
6932 133
6951 134
6970 135
6987 136
7006 137
7030 138
7048 139
7067 140
7086 141
7113 142
7134 143
7167 144
7188 145
7211 146
7237 147
7253 148
7272 149
7292 150
7314 151
7331 152
7351 153
7384 154
7412 155
7430 156
7447 157
7479 158
7495 159
7518 160
7536 161
7568 162
7587 163
7604 164
7627 165
7647 166
7664 167
7686 168
7705 169
7722 170
7747 171
7765 172
7788 173
7812 174
7828 175
7846 176
7865 177
7884 178
7905 179
7930 180
7952 181
7971 182
7993 183
8009 184
8024 185
8042 186
8058 187
8075 188
8093 189
8108 190
8128 191
8148 192
8174 193
8191 194
8209 195
8227 196
8242 197
8257 198
8274 199
8292 200
553 1
1264 2
1418 3
1507 4
1535 5
1629 6
1683 7
1779 8
1914 9
2032 10
2229 11
2325 12
2368 13
2480 14
2556 15
2584 16
2622 17
2714 18
2740 19
2833 20
2913 21
2958 22
2993 23
3047 24
3119 25
3153 26
3212 27
3335 28
3365 29
3491 30
3578 31
3687 32
3763 33
3862 34
3913 35
4001 36
4072 37
4124 38
4205 39
4229 40
4263 41
4291 42
4330 43
4375 44
4400 45
4437 46
4472 47
4497 48
4546 49
4582 50
4617 51
4651 52
4673 53
4696 54
4723 55
4817 56
4870 57
4892 58
4946 59
4994 60
5017 61
5058 62
5081 63
5105 64
5126 65
5172 66
5196 67
5223 68
5279 69
5337 70
5361 71
5398 72
5426 73
5463 74
5493 75
5522 76
5550 77
5573 78
5601 79
5644 80
5673 81
5689 82
5721 83
5745 84
5777 85
5841 86
5867 87
5892 88
5926 89
5960 90
6003 91
6028 92
6050 93
6073 94
6097 95
6117 96
6144 97
6177 98
6199 99
6226 100
6246 101
6280 102
6313 103
6339 104
6361 105
6385 106
6426 107
6450 108
6472 109
6502 110
6524 111
6550 112
6574 113
6598 114
6626 115
6643 116
6663 117
6688 118
6723 119
6747 120
6771 121
6797 122
6827 123
6850 124
6869 125
6894 126
6917 127
6937 128
6958 129
6979 130
6997 131
7018 132
7034 133
7061 134
7082 135
7109 136
7128 137
7146 138
7168 139
7192 140
7218 141
7235 142
7256 143
7273 144
7289 145
7335 146
7373 147
7395 148
7458 149
7480 150
7498 151
7515 152
7535 153
7551 154
7569 155
7590 156
7605 157
7630 158
7651 159
7669 160
7687 161
7708 162
7731 163
7753 164
7779 165
7804 166
7837 167
7861 168
7880 169
7903 170
7926 171
7961 172
7982 173
8004 174
8032 175
8055 176
8079 177
8100 178
8116 179
8131 180
8149 181
8168 182
8187 183
8203 184
8227 185
8243 186
8262 187
8283 188
8302 189
8333 190
8349 191
8364 192
8386 193
8402 194
8418 195
8447 196
8465 197
8489 198
8517 199
8542 200
608 1
1265 2
1369 3
1527 4
1670 5
1713 6
1833 7
1907 8
1941 9
2107 10
2169 11
2273 12
2309 13
2337 14
2530 15
2570 16
2604 17
2665 18
2817 19
2916 20
2945 21
2972 22
3086 23
3167 24
3198 25
3222 26
3271 27
3301 28
3324 29
3424 30
3464 31
3501 32
3550 33
3588 34
3672 35
3735 36
3790 37
3914 38
3952 39
3993 40
4123 41
4200 42
4255 43
4285 44
4310 45
4356 46
4388 47
4418 48
4502 49
4547 50
4588 51
4626 52
4676 53
4734 54
4827 55
4855 56
4897 57
4920 58
4945 59
4978 60
5032 61
5057 62
5081 63
5098 64
5123 65
5148 66
5180 67
5232 68
5259 69
5298 70
5320 71
5354 72
5409 73
5433 74
5477 75
5516 76
5550 77
5572 78
5602 79
5670 80
5694 81
5745 82
5767 83
5805 84
5843 85
5864 86
5921 87
5953 88
5981 89
6006 90
6042 91
6083 92
6103 93
6123 94
6149 95
6171 96
6192 97
6219 98
6240 99
6266 100
6295 101
6332 102
6353 103
6371 104
6407 105
6430 106
6452 107
6482 108
6505 109
6522 110
6548 111
6570 112
6596 113
6633 114
6654 115
6678 116
6709 117
6733 118
6760 119
6799 120
6822 121
6846 122
6869 123
6902 124
6929 125
6966 126
6989 127
7010 128
7043 129
7084 130
7099 131
7124 132
7143 133
7171 134
7191 135
7215 136
7244 137
7262 138
7285 139
7302 140
7321 141
7338 142
7370 143
7387 144
7405 145
7435 146
7463 147
7491 148
7509 149
7530 150
7546 151
7575 152
7597 153
7622 154
7642 155
7663 156
7680 157
7698 158
7720 159
7737 160
7755 161
7776 162
7794 163
7812 164
7829 165
7848 166
7873 167
7891 168
7913 169
7929 170
7948 171
7964 172
7991 173
8017 174
8050 175
8069 176
8090 177
8109 178
8129 179
8153 180
8173 181
8193 182
8211 183
8231 184
8252 185
8274 186
8292 187
8311 188
8335 189
8361 190
8381 191
8402 192
8422 193
8440 194
8457 195
8477 196
8522 197
8540 198
8562 199
8582 200
476 1
1013 2
1372 3
1517 4
1558 5
1654 6
1687 7
1729 8
1780 9
1994 10
2045 11
2155 12
2197 13
2248 14
2386 15
2417 16
2491 17
2579 18
2609 19
2722 20
2840 21
2903 22
2928 23
2953 24
3008 25
3208 26
3238 27
3276 28
3304 29
3327 30
3349 31
3567 32
3599 33
3674 34
3724 35
3772 36
3895 37
3928 38
3949 39
3985 40
4050 41
4124 42
4152 43
4184 44
4222 45
4322 46
4402 47
4450 48
4485 49
4535 50
4610 51
4645 52
4678 53
4706 54
4742 55
4831 56
4862 57
4959 58
4992 59
5020 60
5048 61
5068 62
5097 63
5118 64
5148 65
5192 66
5214 67
5240 68
5268 69
5303 70
5330 71
5369 72
5400 73
5445 74
5467 75
5517 76
5542 77
5575 78
5612 79
5662 80
5702 81
5733 82
5779 83
5799 84
5833 85
5855 86
5884 87
5906 88
5947 89
5971 90
5994 91
6017 92
6039 93
6059 94
6087 95
6114 96
6140 97
6171 98
6212 99
6231 100
6269 101
6290 102
6314 103
6339 104
6380 105
6406 106
6439 107
6464 108
6493 109
6531 110
6558 111
6593 112
6620 113
6642 114
6669 115
6696 116
6720 117
6743 118
6773 119
6802 120
6826 121
6853 122
6879 123
6905 124
6940 125
6975 126
7003 127
7021 128
7042 129
7060 130
7082 131
7110 132
7148 133
7165 134
7184 135
7202 136
7221 137
7239 138
7264 139
7283 140
7307 141
7327 142
7353 143
7369 144
7393 145
7416 146
7437 147
7458 148
7477 149
7495 150
7523 151
7545 152
7586 153
7609 154
7631 155
7651 156
7675 157
7702 158
7723 159
7761 160
7782 161
7810 162
7843 163
7866 164
7897 165
7930 166
7953 167
7975 168
8001 169
8038 170
8066 171
8090 172
8118 173
8147 174
8171 175
8201 176
8222 177
8248 178
8280 179
8302 180
8321 181
8350 182
8370 183
8396 184
8422 185
8443 186
8470 187
8490 188
8541 189
8567 190
8598 191
8632 192
8655 193
8673 194
8709 195
8729 196
8744 197
8763 198
8786 199
8814 200
456 1
1209 2
1287 3
1402 4
1569 5
1687 6
1733 7
1799 8
1835 9
1987 10
2014 11
2045 12
2071 13
2297 14
2349 15
2391 16
2479 17
2619 18
2666 19
2711 20
2738 21
2863 22
2914 23
2939 24
2994 25
3124 26
3273 27
3291 28
3333 29
3402 30
3451 31
3581 32
3625 33
3659 34
3686 35
3881 36
3917 37
3935 38
3975 39
3998 40
4021 41
4058 42
4117 43
4186 44
4204 45
4239 46
4300 47
4381 48
4519 49
4568 50
4603 51
4651 52
4684 53
4759 54
4807 55
4836 56
4873 57
4924 58
4967 59
5004 60
5055 61
5091 62
5155 63
5194 64
5272 65
5301 66
5319 67
5357 68
5402 69
5431 70
5450 71
5478 72
5502 73
5534 74
5575 75
5611 76
5634 77
5657 78
5688 79
5769 80
5794 81
5825 82
5857 83
5873 84
5901 85
5930 86
5969 87
6003 88
6038 89
6064 90
6091 91
6115 92
6154 93
6172 94
6192 95
6219 96
6249 97
6282 98
6320 99
6338 100
6359 101
6378 102
6416 103
6436 104
6457 105
6480 106
6540 107
6574 108
6608 109
6644 110
6675 111
6691 112
6717 113
6741 114
6768 115
6793 116
6827 117
6851 118
6868 119
6889 120
6907 121
6927 122
6945 123
6967 124
6988 125
7004 126
7031 127
7051 128
7071 129
7090 130
7112 131
7134 132
7153 133
7174 134
7191 135
7210 136
7231 137
7262 138
7279 139
7296 140
7318 141
7334 142
7350 143
7370 144
7393 145
7408 146
7423 147
7439 148
7457 149
7479 150
7500 151
7521 152
7547 153
7572 154
7598 155
7616 156
7634 157
7652 158
7671 159
7691 160
7715 161
7739 162
7761 163
7788 164
7811 165
7832 166
7848 167
7877 168
7896 169
7913 170
7928 171
7943 172
7963 173
7983 174
7999 175
8018 176
8038 177
8061 178
8091 179
8107 180
8125 181
8143 182
8159 183
8199 184
8227 185
8244 186
8262 187
8280 188
8297 189
8314 190
8330 191
8352 192
8371 193
8395 194
8413 195
8432 196
8447 197
8471 198
8486 199
8504 200
423 1
989 2
1225 3
1367 4
1557 5
1611 6
1661 7
1874 8
1988 9
2063 10
2138 11
2275 12
2303 13
2334 14
2606 15
2680 16
2705 17
2789 18
2815 19
2841 20
2876 21
2962 22
3131 23
3193 24
3225 25
3268 26
3337 27
3454 28
3514 29
3564 30
3615 31
3688 32
3923 33
3981 34
4014 35
4045 36
4141 37
4204 38
4231 39
4267 40
4325 41
4386 42
4427 43
4504 44
4538 45
4569 46
4592 47
4655 48
4686 49
4719 50
4748 51
4785 52
4822 53
4853 54
4944 55
4967 56
4995 57
5029 58
5083 59
5121 60
5160 61
5202 62
5245 63
5272 64
5303 65
5333 66
5379 67
5404 68
5428 69
5453 70
5504 71
5542 72
5562 73
5597 74
5627 75
5650 76
5671 77
5705 78
5727 79
5756 80
5773 81
5799 82
5829 83
5854 84
5903 85
5930 86
5964 87
5992 88
6012 89
6052 90
6067 91
6092 92
6114 93
6136 94
6163 95
6186 96
6205 97
6227 98
6247 99
6269 100
6296 101
6328 102
6373 103
6405 104
6428 105
6457 106
6488 107
6513 108
6537 109
6566 110
6592 111
6618 112
6642 113
6669 114
6705 115
6724 116
6771 117
6805 118
6835 119
6862 120
6909 121
6936 122
6959 123
6986 124
7007 125
7031 126
7076 127
7099 128
7121 129
7151 130
7173 131
7198 132
7225 133
7251 134
7280 135
7315 136
7344 137
7371 138
7392 139
7420 140
7462 141
7497 142
7535 143
7566 144
7600 145
7621 146
7649 147
7667 148
7694 149
7725 150
7755 151
7782 152
7797 153
7817 154
7834 155
7856 156
7875 157
7896 158
7929 159
7947 160
7970 161
7991 162
8016 163
8033 164
8061 165
8083 166
8107 167
8130 168
8155 169
8187 170
8210 171
8232 172
8249 173
8285 174
8302 175
8322 176
8341 177
8362 178
8396 179
8418 180
8437 181
8461 182
8482 183
8501 184
8523 185
8544 186
8570 187
8589 188
8617 189
8635 190
8662 191
8685 192
8702 193
8724 194
8741 195
8763 196
8785 197
8806 198
8826 199
8851 200
453 1
1173 2
1263 3
1469 4
1507 5
1728 6
1760 7
1814 8
2005 9
2049 10
2092 11
2125 12
2204 13
2336 14
2424 15
2478 16
2584 17
2618 18
2739 19
2776 20
2890 21
2924 22
2955 23
3020 24
3114 25
3220 26
3321 27
3351 28
3414 29
3456 30
3500 31
3545 32
3573 33
3645 34
3760 35
3833 36
3856 37
3937 38
3989 39
4142 40
4244 41
4301 42
4344 43
4375 44
4408 45
4450 46
4496 47
4535 48
4557 49
4606 50
4639 51
4770 52
4815 53
4868 54
4893 55
4952 56
4980 57
5010 58
5089 59
5123 60
5172 61
5230 62
5267 63
5312 64
5339 65
5385 66
5410 67
5429 68
5464 69
5498 70
5531 71
5575 72
5608 73
5649 74
5717 75
5749 76
5781 77
5802 78
5840 79
5862 80
5885 81
5925 82
5955 83
5987 84
6009 85
6042 86
6070 87
6087 88
6110 89
6149 90
6171 91
6196 92
6226 93
6263 94
6287 95
6303 96
6347 97
6369 98
6397 99
6418 100
6438 101
6469 102
6500 103
6529 104
6556 105
6607 106
6637 107
6663 108
6687 109
6710 110
6735 111
6757 112
6786 113
6813 114
6837 115
6862 116
6880 117
6911 118
6935 119
6953 120
6976 121
7002 122
7024 123
7042 124
7063 125
7086 126
7115 127
7130 128
7167 129
7188 130
7210 131
7241 132
7260 133
7280 134
7297 135
7319 136
7338 137
7356 138
7384 139
7404 140
7431 141
7456 142
7475 143
7491 144
7513 145
7535 146
7552 147
7584 148
7614 149
7634 150
7664 151
7682 152
7703 153
7724 154
7742 155
7761 156
7789 157
7815 158
7837 159
7862 160
7886 161
7909 162
7932 163
7954 164
7979 165
8006 166
8027 167
8053 168
8072 169
8092 170
8112 171
8129 172
8158 173
8175 174
8197 175
8222 176
8241 177
8257 178
8278 179
8296 180
8329 181
8346 182
8364 183
8387 184
8412 185
8428 186
8451 187
8474 188
8490 189
8507 190
8533 191
8564 192
8591 193
8614 194
8633 195
8660 196
8682 197
8700 198
8721 199
8743 200
344 1
1048 2
1238 3
1551 4
1592 5
1637 6
1717 7
1872 8
1985 9
2043 10
2103 11
2127 12
2290 13
2318 14
2383 15
2411 16
2675 17
2706 18
2777 19
2806 20
2887 21
2924 22
3106 23
3166 24
3188 25
3243 26
3311 27
3341 28
3415 29
3456 30
3500 31
3625 32
3669 33
3761 34
3781 35
3806 36
3884 37
3939 38
3965 39
4003 40
4106 41
4148 42
4243 43
4267 44
4325 45
4388 46
4426 47
4519 48
4543 49
4573 50
4635 51
4668 52
4707 53
4769 54
4840 55
4871 56
4895 57
4919 58
4939 59
4974 60
5014 61
5053 62
5078 63
5111 64
5173 65
5190 66
5216 67
5243 68
5274 69
5305 70
5327 71
5351 72
5377 73
5413 74
5436 75
5466 76
5499 77
5520 78
5553 79
5590 80
5615 81
5651 82
5667 83
5708 84
5731 85
5749 86
5771 87
5796 88
5826 89
5846 90
5880 91
5907 92
5966 93
5989 94
6029 95
6085 96
6110 97
6143 98
6180 99
6211 100
6238 101
6279 102
6310 103
6332 104
6365 105
6394 106
6421 107
6477 108
6522 109
6549 110
6578 111
6608 112
6637 113
6673 114
6698 115
6724 116
6743 117
6770 118
6793 119
6817 120
6845 121
6865 122
6885 123
6912 124
6942 125
6963 126
6983 127
7010 128
7051 129
7073 130
7099 131
7121 132
7141 133
7160 134
7181 135
7206 136
7227 137
7246 138
7263 139
7284 140
7316 141
7335 142
7350 143
7371 144
7390 145
7410 146
7437 147
7468 148
7497 149
7531 150
7555 151
7601 152
7628 153
7654 154
7680 155
7702 156
7731 157
7750 158
7779 159
7806 160
7825 161
7844 162
7870 163
7891 164
7911 165
7930 166
7956 167
7974 168
8001 169
8028 170
8047 171
8065 172
8094 173
8130 174
8148 175
8170 176
8190 177
8210 178
8231 179
8262 180
8279 181
8299 182
8320 183
8354 184
8375 185
8400 186
8420 187
8453 188
8473 189
8494 190
8515 191
8532 192
8547 193
8568 194
8597 195
8613 196
8636 197
8653 198
8685 199
8700 200
847 1
1233 2
1487 3
1525 4
1786 5
1858 6
1924 7
1967 8
2022 9
2170 10
2225 11
2250 12
2404 13
2529 14
2562 15
2594 16
2650 17
2727 18
2772 19
2798 20
2828 21
2856 22
2902 23
2951 24
3035 25
3115 26
3222 27
3276 28
3374 29
3467 30
3492 31
3527 32
3549 33
3672 34
3701 35
3773 36
3846 37
3882 38
3916 39
3953 40
3983 41
4007 42
4038 43
4123 44
4149 45
4181 46
4223 47
4281 48
4345 49
4375 50
4439 51
4504 52
4641 53
4662 54
4686 55
4713 56
4756 57
4828 58
4868 59
4889 60
4962 61
5013 62
5040 63
5075 64
5106 65
5128 66
5167 67
5200 68
5229 69
5260 70
5298 71
5332 72
5367 73
5411 74
5460 75
5488 76
5537 77
5568 78
5624 79
5660 80
5697 81
5721 82
5751 83
5792 84
5835 85
5866 86
5894 87
5939 88
5980 89
6007 90
6030 91
6063 92
6106 93
6162 94
6185 95
6208 96
6234 97
6259 98
6296 99
6326 100
6356 101
6376 102
6433 103
6451 104
6468 105
6495 106
6514 107
6545 108
6569 109
6595 110
6613 111
6645 112
6667 113
6688 114
6710 115
6736 116
6758 117
6785 118
6811 119
6828 120
6848 121
6892 122
6914 123
6950 124
6969 125
6988 126
7009 127
7025 128
7054 129
7080 130
7114 131
7133 132
7152 133
7182 134
7201 135
7219 136
7238 137
7261 138
7282 139
7307 140
7323 141
7342 142
7361 143
7386 144
7409 145
7435 146
7456 147
7494 148
7516 149
7539 150
7562 151
7579 152
7601 153
7619 154
7643 155
7669 156
7698 157
7736 158
7752 159
7777 160
7793 161
7816 162
7837 163
7862 164
7882 165
7899 166
7925 167
7944 168
7965 169
7985 170
8005 171
8024 172
8055 173
8071 174
8097 175
8118 176
8140 177
8172 178
8189 179
8222 180
8242 181
8261 182
8282 183
8305 184
8325 185
8343 186
8366 187
8388 188
8411 189
8433 190
8451 191
8469 192
8488 193
8508 194
8528 195
8546 196
8567 197
8582 198
8602 199
8618 200
455 1
1017 2
1249 3
1484 4
1586 5
1623 6
1708 7
1902 8
1982 9
2044 10
2175 11
2289 12
2329 13
2384 14
2478 15
2525 16
2550 17
2647 18
2708 19
2757 20
2817 21
2886 22
2911 23
2956 24
3025 25
3241 26
3270 27
3354 28
3391 29
3418 30
3451 31
3494 32
3567 33
3632 34
3660 35
3813 36
3868 37
3921 38
4000 39
4026 40
4120 41
4181 42
4237 43
4266 44
4292 45
4332 46
4364 47
4416 48
4482 49
4503 50
4529 51
4586 52
4653 53
4670 54
4738 55
4796 56
4828 57
4872 58
4903 59
4965 60
4987 61
5007 62
5088 63
5128 64
5150 65
5190 66
5214 67
5241 68
5270 69
5292 70
5318 71
5344 72
5375 73
5406 74
5445 75
5465 76
5491 77
5511 78
5543 79
5564 80
5613 81
5641 82
5662 83
5700 84
5731 85
5754 86
5774 87
5799 88
5828 89
5856 90
5880 91
5903 92
5936 93
5958 94
5977 95
6001 96
6034 97
6054 98
6083 99
6115 100
6142 101
6162 102
6187 103
6220 104
6263 105
6299 106
6322 107
6345 108
6366 109
6383 110
6412 111
6436 112
6456 113
6480 114
6497 115
6528 116
6546 117
6561 118
6582 119
6605 120
6623 121
6641 122
6674 123
6694 124
6713 125
6730 126
6749 127
6775 128
6796 129
6817 130
6843 131
6863 132
6891 133
6913 134
6938 135
6962 136
6983 137
7025 138
7048 139
7077 140
7092 141
7109 142
7125 143
7149 144
7172 145
7187 146
7203 147
7219 148
7235 149
7251 150
7268 151
7283 152
7304 153
7328 154
7345 155
7360 156
7375 157
7390 158
7406 159
7422 160
7438 161
7457 162
7481 163
7499 164
7517 165
7534 166
7549 167
7564 168
7587 169
7602 170
7620 171
7638 172
7653 173
7675 174
7692 175
7707 176
7723 177
7742 178
7759 179
7774 180
7789 181
7804 182
7829 183
7844 184
7859 185
7874 186
7899 187
7917 188
7957 189
7982 190
8006 191
8032 192
8049 193
8084 194
8114 195
8136 196
8161 197
8181 198
8205 199
8227 200
636 1
1063 2
1183 3
1400 4
1538 5
1672 6
1866 7
1915 8
1958 9
1993 10
2024 11
2104 12
2132 13
2233 14
2418 15
2574 16
2712 17
2747 18
2785 19
2810 20
2858 21
2893 22
3002 23
3121 24
3168 25
3365 26
3400 27
3445 28
3507 29
3538 30
3602 31
3670 32
3726 33
3860 34
3883 35
3940 36
3998 37
4059 38
4089 39
4127 40
4177 41
4212 42
4261 43
4289 44
4396 45
4499 46
4549 47
4591 48
4611 49
4651 50
4693 51
4774 52
4844 53
4865 54
4894 55
4962 56
5002 57
5049 58
5104 59
5132 60
5202 61
5233 62
5254 63
5305 64
5325 65
5351 66
5372 67
5396 68
5426 69
5455 70
5486 71
5509 72
5531 73
5554 74
5584 75
5600 76
5660 77
5688 78
5740 79
5769 80
5811 81
5838 82
5868 83
5899 84
5917 85
5948 86
5974 87
5998 88
6043 89
6075 90
6123 91
6145 92
6172 93
6191 94
6227 95
6249 96
6278 97
6299 98
6330 99
6353 100
6382 101
6407 102
6435 103
6464 104
6481 105
6505 106
6530 107
6547 108
6580 109
6612 110
6634 111
6677 112
6704 113
6732 114
6799 115
6824 116
6856 117
6883 118
6905 119
6949 120
6967 121
6998 122
7022 123
7056 124
7090 125
7109 126
7133 127
7152 128
7186 129
7217 130
7237 131
7271 132
7321 133
7352 134
7372 135
7395 136
7414 137
7434 138
7493 139
7519 140
7560 141
7586 142
7612 143
7643 144
7692 145
7710 146
7730 147
7757 148
7772 149
7797 150
7819 151
7843 152
7862 153
7884 154
7903 155
7922 156
7940 157
7968 158
7993 159
8016 160
8040 161
8063 162
8089 163
8108 164
8151 165
8179 166
8206 167
8225 168
8271 169
8287 170
8302 171
8321 172
8347 173
8367 174
8388 175
8405 176
8424 177
8443 178
8460 179
8482 180
8506 181
8521 182
8541 183
8563 184
8582 185
8605 186
8629 187
8654 188
8671 189
8694 190
8722 191
8739 192
8759 193
8786 194
8805 195
8822 196
8855 197
8872 198
8887 199
8912 200
446 1
1227 2
1392 3
1489 4
1592 5
1696 6
1791 7
1900 8
1946 9
1982 10
2165 11
2268 12
2300 13
2366 14
2469 15
2490 16
2546 17
2624 18
2720 19
2871 20
2928 21
3055 22
3092 23
3120 24
3172 25
3242 26
3311 27
3424 28
3454 29
3558 30
3618 31
3670 32
3691 33
3787 34
3901 35
3931 36
3999 37
4084 38
4143 39
4185 40
4217 41
4243 42
4315 43
4347 44
4439 45
4479 46
4544 47
4635 48
4667 49
4693 50
4714 51
4775 52
4814 53
4843 54
4873 55
4910 56
4942 57
4965 58
5004 59
5024 60
5053 61
5078 62
5133 63
5178 64
5212 65
5259 66
5286 67
5352 68
5380 69
5420 70
5471 71
5504 72
5526 73
5558 74
5584 75
5604 76
5634 77
5665 78
5690 79
5719 80
5745 81
5764 82
5795 83
5825 84
5841 85
5865 86
5891 87
5918 88
5943 89
5969 90
5993 91
6054 92
6111 93
6142 94
6157 95
6196 96
6225 97
6255 98
6281 99
6306 100
6333 101
6352 102
6372 103
6393 104
6421 105
6445 106
6460 107
6483 108
6504 109
6528 110
6543 111
6565 112
6599 113
6617 114
6637 115
6658 116
6684 117
6703 118
6731 119
6755 120
6777 121
6800 122
6816 123
6834 124
6852 125
6881 126
6905 127
6922 128
6938 129
6961 130
6982 131
7002 132
7020 133
7038 134
7062 135
7086 136
7104 137
7129 138
7159 139
7175 140
7196 141
7214 142
7233 143
7256 144
7274 145
7299 146
7319 147
7335 148
7351 149
7370 150
7396 151
7411 152
7426 153
7444 154
7462 155
7482 156
7497 157
7512 158
7528 159
7545 160
7562 161
7577 162
7594 163
7610 164
7625 165
7644 166
7666 167
7683 168
7700 169
7721 170
7749 171
7771 172
7787 173
7808 174
7829 175
7848 176
7864 177
7879 178
7904 179
7924 180
7942 181
7966 182
7995 183
8013 184
8034 185
8058 186
8080 187
8101 188
8143 189
8165 190
8190 191
8219 192
8253 193
8272 194
8304 195
8330 196
8352 197
8375 198
8399 199
8422 200
429 1
1164 2
1371 3
1554 4
1630 5
1655 6
1794 7
1932 8
1970 9
2029 10
2123 11
2156 12
2191 13
2266 14
2294 15
2320 16
2503 17
2640 18
2723 19
2767 20
2833 21
2956 22
3077 23
3196 24
3287 25
3316 26
3416 27
3464 28
3574 29
3613 30
3699 31
3749 32
3793 33
3870 34
3933 35
3956 36
4026 37
4058 38
4111 39
4282 40
4347 41
4372 42
4404 43
4459 44
4555 45
4581 46
4607 47
4659 48
4688 49
4754 50
4792 51
4827 52
4865 53
4905 54
4927 55
4951 56
4978 57
5003 58
5078 59
5106 60
5151 61
5173 62
5202 63
5243 64
5266 65
5311 66
5347 67
5368 68
5405 69
5443 70
5492 71
5525 72
5551 73
5581 74
5621 75
5655 76
5675 77
5698 78
5733 79
5780 80
5820 81
5842 82
5882 83
5913 84
5936 85
5955 86
5973 87
5999 88
6022 89
6047 90
6070 91
6095 92
6125 93
6171 94
6197 95
6226 96
6245 97
6278 98
6299 99
6337 100
6374 101
6401 102
6421 103
6443 104
6463 105
6482 106
6500 107
6524 108
6554 109
6580 110
6604 111
6628 112
6658 113
6679 114
6708 115
6729 116
6751 117
6780 118
6803 119
6825 120
6849 121
6867 122
6888 123
6911 124
6928 125
6952 126
6975 127
6997 128
7016 129
7054 130
7072 131
7090 132
7122 133
7144 134
7165 135
7181 136
7197 137
7213 138
7234 139
7249 140
7266 141
7286 142
7304 143
7322 144
7339 145
7356 146
7372 147
7397 148
7412 149
7429 150
7444 151
7460 152
7476 153
7493 154
7509 155
7527 156
7545 157
7568 158
7595 159
7615 160
7640 161
7658 162
7673 163
7688 164
7705 165
7720 166
7742 167
7762 168
7777 169
7793 170
7815 171
7832 172
7850 173
7868 174
7893 175
7919 176
7941 177
7958 178
7988 179
8005 180
8024 181
8039 182
8059 183
8078 184
8095 185
8116 186
8139 187
8161 188
8179 189
8196 190
8216 191
8234 192
8250 193
8270 194
8291 195
8308 196
8324 197
8342 198
8358 199
8379 200
418 1
1248 2
1398 3
1442 4
1575 5
1711 6
1741 7
1853 8
1924 9
2062 10
2160 11
2207 12
2283 13
2411 14
2496 15
2580 16
2688 17
2765 18
2791 19
2876 20
2917 21
2939 22
2978 23
3107 24
3182 25
3221 26
3255 27
3280 28
3315 29
3435 30
3485 31
3552 32
3677 33
3712 34
3735 35
3762 36
3858 37
3922 38
4050 39
4109 40
4136 41
4175 42
4233 43
4259 44
4320 45
4358 46
4396 47
4425 48
4449 49
4477 50
4513 51
4580 52
4672 53
4703 54
4731 55
4754 56
4808 57
4839 58
4863 59
4908 60
4996 61
5021 62
5062 63
5099 64
5139 65
5171 66
5191 67
5225 68
5252 69
5282 70
5312 71
5339 72
5372 73
5397 74
5412 75
5443 76
5513 77
5553 78
5580 79
5600 80
5622 81
5664 82
5691 83
5719 84
5740 85
5757 86
5780 87
5849 88
5897 89
5927 90
5977 91
6016 92
6045 93
6067 94
6116 95
6137 96
6161 97
6206 98
6256 99
6290 100
6341 101
6365 102
6401 103
6427 104
6449 105
6475 106
6503 107
6532 108
6559 109
6578 110
6604 111
6625 112
6647 113
6670 114
6691 115
6711 116
6746 117
6775 118
6799 119
6840 120
6895 121
6913 122
6934 123
6952 124
6976 125
6995 126
7016 127
7068 128
7097 129
7123 130
7146 131
7173 132
7195 133
7217 134
7241 135
7268 136
7294 137
7314 138
7344 139
7377 140
7393 141
7419 142
7442 143
7463 144
7481 145
7503 146
7529 147
7555 148
7579 149
7605 150
7630 151
7645 152
7669 153
7697 154
7722 155
7743 156
7777 157
7793 158
7815 159
7840 160
7859 161
7884 162
7914 163
7938 164
7958 165
7975 166
7995 167
8030 168
8054 169
8078 170
8111 171
8128 172
8152 173
8169 174
8190 175
8214 176
8242 177
8265 178
8288 179
8311 180
8329 181
8346 182
8365 183
8384 184
8412 185
8430 186
8457 187
8474 188
8489 189
8504 190
8526 191
8550 192
8567 193
8582 194
8602 195
8618 196
8635 197
8655 198
8670 199
8690 200
423 1
1002 2
1416 3
1579 4
1655 5
1758 6
1848 7
1893 8
1959 9
2042 10
2107 11
2169 12
2200 13
2345 14
2364 15
2384 16
2442 17
2492 18
2558 19
2639 20
2675 21
2777 22
2803 23
2855 24
2929 25
2995 26
3031 27
3168 28
3232 29
3266 30
3298 31
3452 32
3504 33
3578 34
3607 35
3648 36
3735 37
3787 38
3820 39
3942 40
3966 41
4006 42
4099 43
4267 44
4341 45
4377 46
4431 47
4537 48
4568 49
4610 50
4656 51
4690 52
4765 53
4797 54
4825 55
4849 56
4885 57
4929 58
4951 59
4983 60
5017 61
5044 62
5119 63
5141 64
5161 65
5184 66
5213 67
5245 68
5269 69
5309 70
5357 71
5396 72
5427 73
5444 74
5471 75
5492 76
5518 77
5569 78
5596 79
5627 80
5644 81
5699 82
5732 83
5754 84
5782 85
5848 86
5879 87
5925 88
5978 89
6015 90
6041 91
6087 92
6120 93
6143 94
6175 95
6203 96
6221 97
6266 98
6303 99
6329 100
6357 101
6375 102
6400 103
6419 104
6439 105
6470 106
6496 107
6523 108
6542 109
6566 110
6612 111
6650 112
6677 113
6710 114
6730 115
6754 116
6781 117
6811 118
6835 119
6854 120
6874 121
6903 122
6922 123
6940 124
6964 125
6982 126
7003 127
7023 128
7047 129
7073 130
7089 131
7110 132
7143 133
7169 134
7196 135
7215 136
7234 137
7270 138
7288 139
7308 140
7334 141
7351 142
7378 143
7405 144
7422 145
7442 146
7463 147
7489 148
7518 149
7536 150
7560 151
7587 152
7605 153
7626 154
7651 155
7688 156
7716 157
7748 158
7770 159
7792 160
7814 161
7843 162
7874 163
7896 164
7914 165
7933 166
7951 167
7969 168
7991 169
8006 170
8027 171
8044 172
8059 173
8080 174
8096 175
8120 176
8138 177
8156 178
8177 179
8198 180
8227 181
8256 182
8282 183
8332 184
8355 185
8379 186
8401 187
8427 188
8483 189
8503 190
8543 191
8566 192
8604 193
8642 194
8666 195
8699 196
8723 197
8748 198
8767 199
8787 200
439 1
988 2
1364 3
1425 4
1513 5
1723 6
1837 7
1968 8
1996 9
2031 10
2215 11
2245 12
2292 13
2353 14
2478 15
2592 16
2637 17
2660 18
2728 19
2868 20
2923 21
2979 22
3019 23
3077 24
3118 25
3150 26
3186 27
3311 28
3356 29
3426 30
3527 31
3558 32
3613 33
3710 34
3856 35
3946 36
3983 37
4009 38
4044 39
4176 40
4212 41
4265 42
4293 43
4324 44
4431 45
4452 46
4490 47
4577 48
4642 49
4668 50
4711 51
4740 52
4786 53
4839 54
4913 55
4971 56
5004 57
5032 58
5095 59
5112 60
5144 61
5181 62
5204 63
5228 64
5289 65
5350 66
5382 67
5408 68
5426 69
5472 70
5495 71
5530 72
5571 73
5591 74
5617 75
5641 76
5662 77
5696 78
5718 79
5767 80
5801 81
5824 82
5852 83
5883 84
5902 85
5934 86
5977 87
5998 88
6024 89
6055 90
6094 91
6121 92
6144 93
6164 94
6184 95
6201 96
6244 97
6267 98
6294 99
6312 100
6335 101
6353 102
6375 103
6397 104
6455 105
6476 106
6498 107
6522 108
6559 109
6605 110
6634 111
6654 112
6680 113
6721 114
6756 115
6798 116
6831 117
6849 118
6875 119
6901 120
6930 121
6950 122
6977 123
6999 124
7021 125
7050 126
7080 127
7121 128
7143 129
7165 130
7194 131
7216 132
7236 133
7254 134
7274 135
7298 136
7318 137
7350 138
7379 139
7397 140
7416 141
7436 142
7452 143
7473 144
7499 145
7521 146
7537 147
7554 148
7579 149
7597 150
7620 151
7640 152
7661 153
7679 154
7699 155
7719 156
7739 157
7761 158
7792 159
7815 160
7839 161
7869 162
7891 163
7915 164
7934 165
7964 166
7980 167
7999 168
8016 169
8044 170
8066 171
8081 172
8102 173
8123 174
8140 175
8156 176
8175 177
8191 178
8207 179
8224 180
8240 181
8256 182
8274 183
8292 184
8310 185
8328 186
8343 187
8360 188
8380 189
8400 190
8421 191
8438 192
8454 193
8471 194
8487 195
8508 196
8530 197
8556 198
8575 199
8594 200
441 1
606 2
1125 3
1237 4
1468 5
1661 6
1710 7
1745 8
1820 9
2032 10
2091 11
2191 12
2228 13
2277 14
2413 15
2451 16
2475 17
2576 18
2646 19
2786 20
2853 21
2880 22
2914 23
2955 24
3166 25
3227 26
3328 27
3360 28
3406 29
3438 30
3518 31
3550 32
3622 33
3662 34
3740 35
3763 36
3817 37
3925 38
4036 39
4081 40
4111 41
4159 42
4256 43
4290 44
4318 45
4378 46
4411 47
4449 48
4474 49
4556 50
4591 51
4615 52
4645 53
4692 54
4726 55
4760 56
4791 57
4812 58
4863 59
4885 60
4961 61
5036 62
5064 63
5098 64
5160 65
5199 66
5224 67
5252 68
5280 69
5342 70
5384 71
5408 72
5433 73
5458 74
5479 75
5515 76
5539 77
5564 78
5594 79
5627 80
5667 81
5692 82
5725 83
5769 84
5794 85
5818 86
5865 87
5888 88
5911 89
5938 90
5964 91
5989 92
6024 93
6059 94
6079 95
6109 96
6126 97
6172 98
6192 99
6215 100
6254 101
6275 102
6297 103
6318 104
6354 105
6375 106
6401 107
6439 108
6462 109
6489 110
6512 111
6533 112
6551 113
6578 114
6598 115
6633 116
6651 117
6685 118
6712 119
6730 120
6760 121
6786 122
6804 123
6824 124
6850 125
6868 126
6884 127
6907 128
6926 129
6947 130
6964 131
6988 132
7006 133
7034 134
7056 135
7078 136
7096 137
7114 138
7138 139
7155 140
7171 141
7189 142
7212 143
7230 144
7250 145
7268 146
7284 147
7302 148
7319 149
7355 150
7374 151
7391 152
7409 153
7424 154
7447 155
7464 156
7488 157
7511 158
7527 159
7555 160
7579 161
7601 162
7634 163
7654 164
7671 165
7691 166
7724 167
7742 168
7758 169
7778 170
7794 171
7816 172
7837 173
7867 174
7890 175
7906 176
7926 177
7944 178
7964 179
7981 180
7998 181
8023 182
8039 183
8059 184
8079 185
8097 186
8117 187
8133 188
8152 189
8172 190
8189 191
8210 192
8228 193
8245 194
8267 195
8298 196
8316 197
8335 198
8356 199
8379 200
408 1
1098 2
1331 3
1464 4
1524 5
1588 6
1672 7
1747 8
1899 9
1982 10
2024 11
2116 12
2225 13
2266 14
2385 15
2580 16
2607 17
2634 18
2696 19
2802 20
2828 21
2855 22
2996 23
3059 24
3089 25
3122 26
3220 27
3258 28
3295 29
3359 30
3403 31
3446 32
3488 33
3557 34
3614 35
3692 36
3720 37
3831 38
3898 39
3977 40
4019 41
4103 42
4128 43
4153 44
4193 45
4226 46
4301 47
4336 48
4377 49
4406 50
4425 51
4446 52
4466 53
4568 54
4611 55
4643 56
4684 57
4719 58
4753 59
4805 60
4874 61
4903 62
4925 63
4951 64
4989 65
5077 66
5134 67
5185 68
5279 69
5322 70
5347 71
5363 72
5387 73
5433 74
5468 75
5493 76
5515 77
5557 78
5578 79
5625 80
5651 81
5679 82
5701 83
5741 84
5791 85
5822 86
5867 87
5890 88
5909 89
5935 90
5957 91
5984 92
6024 93
6051 94
6094 95
6127 96
6159 97
6176 98
6200 99
6223 100
6248 101
6288 102
6325 103
6346 104
6370 105
6399 106
6427 107
6475 108
6505 109
6530 110
6553 111
6571 112
6592 113
6615 114
6653 115
6673 116
6701 117
6724 118
6749 119
6775 120
6805 121
6836 122
6865 123
6887 124
6916 125
6934 126
6967 127
7012 128
7041 129
7063 130
7087 131
7108 132
7129 133
7148 134
7172 135
7204 136
7229 137
7250 138
7273 139
7296 140
7318 141
7348 142
7366 143
7387 144
7419 145
7438 146
7464 147
7487 148
7524 149
7562 150
7586 151
7609 152
7627 153
7655 154
7675 155
7700 156
7717 157
7744 158
7769 159
7785 160
7816 161
7840 162
7871 163
7889 164
7912 165
7939 166
7954 167
7976 168
7995 169
8015 170
8039 171
8059 172
8079 173
8099 174
8121 175
8147 176
8166 177
8181 178
8196 179
8213 180
8236 181
8253 182
8275 183
8296 184
8315 185
8332 186
8369 187
8387 188
8402 189
8431 190
8453 191
8468 192
8484 193
8505 194
8520 195
8537 196
8552 197
8567 198
8602 199
8633 200
511 1
1016 2
1299 3
1348 4
1483 5
1508 6
1715 7
1802 8
1851 9
1982 10
2057 11
2132 12
2211 13
2358 14
2380 15
2398 16
2661 17
2701 18
2789 19
2823 20
2850 21
2954 22
3024 23
3047 24
3082 25
3110 26
3161 27
3191 28
3332 29
3433 30
3465 31
3506 32
3553 33
3658 34
3735 35
3772 36
3794 37
3906 38
3931 39
3965 40
4079 41
4123 42
4166 43
4185 44
4212 45
4284 46
4312 47
4368 48
4419 49
4458 50
4490 51
4514 52
4559 53
4603 54
4624 55
4687 56
4763 57
4796 58
4824 59
4878 60
4920 61
4944 62
4993 63
5031 64
5056 65
5078 66
5107 67
5130 68
5160 69
5192 70
5226 71
5250 72
5286 73
5349 74
5382 75
5407 76
5447 77
5475 78
5544 79
5575 80
5612 81
5661 82
5727 83
5766 84
5798 85
5819 86
5841 87
5868 88
5903 89
5924 90
5952 91
5979 92
6009 93
6032 94
6065 95
6097 96
6123 97
6143 98
6167 99
6185 100
6206 101
6236 102
6280 103
6296 104
6329 105
6356 106
6402 107
6429 108
6459 109
6481 110
6498 111
6525 112
6548 113
6571 114
6597 115
6622 116
6637 117
6657 118
6685 119
6716 120
6738 121
6774 122
6798 123
6835 124
6863 125
6888 126
6911 127
6941 128
6960 129
6980 130
7004 131
7034 132
7059 133
7076 134
7099 135
7128 136
7144 137
7163 138
7198 139
7234 140
7257 141
7310 142
7333 143
7369 144
7421 145
7457 146
7484 147
7520 148
7538 149
7560 150
7579 151
7609 152
7634 153
7656 154
7680 155
7697 156
7714 157
7731 158
7752 159
7770 160
7793 161
7816 162
7842 163
7877 164
7910 165
7937 166
7959 167
7987 168
8009 169
8025 170
8044 171
8063 172
8084 173
8104 174
8121 175
8144 176
8164 177
8185 178
8203 179
8221 180
8238 181
8255 182
8283 183
8309 184
8328 185
8353 186
8375 187
8403 188
8423 189
8447 190
8464 191
8502 192
8528 193
8549 194
8572 195
8592 196
8651 197
8682 198
8730 199
8763 200
434 1
1164 2
1461 3
1591 4
1649 5
1756 6
1791 7
1950 8
1992 9
2030 10
2189 11
2234 12
2259 13
2301 14
2380 15
2440 16
2591 17
2615 18
2697 19
2759 20
2784 21
2907 22
2942 23
2990 24
3060 25
3109 26
3149 27
3181 28
3216 29
3250 30
3424 31
3479 32
3507 33
3597 34
3741 35
3842 36
3888 37
3947 38
3978 39
4118 40
4142 41
4278 42
4305 43
4386 44
4413 45
4433 46
4453 47
4502 48
4613 49
4644 50
4674 51
4708 52
4739 53
4763 54
4789 55
4843 56
4874 57
4898 58
4919 59
4987 60
5013 61
5042 62
5098 63
5130 64
5172 65
5204 66
5263 67
5336 68
5376 69
5407 70
5440 71
5480 72
5508 73
5546 74
5568 75
5604 76
5635 77
5687 78
5720 79
5747 80
5783 81
5811 82
5844 83
5873 84
5896 85
5927 86
5964 87
5984 88
6012 89
6051 90
6109 91
6139 92
6163 93
6195 94
6226 95
6261 96
6286 97
6307 98
6333 99
6353 100
6376 101
6402 102
6421 103
6443 104
6476 105
6498 106
6545 107
6594 108
6614 109
6636 110
6671 111
6703 112
6718 113
6747 114
6772 115
6804 116
6821 117
6847 118
6869 119
6913 120
6933 121
6955 122
6974 123
6995 124
7019 125
7041 126
7058 127
7090 128
7115 129
7139 130
7158 131
7181 132
7207 133
7241 134
7283 135
7307 136
7334 137
7356 138
7386 139
7412 140
7437 141
7471 142
7493 143
7520 144
7541 145
7566 146
7587 147
7606 148
7627 149
7646 150
7673 151
7695 152
7723 153
7749 154
7771 155
7795 156
7814 157
7838 158
7858 159
7886 160
7908 161
7928 162
7963 163
7981 164
8011 165
8039 166
8058 167
8081 168
8100 169
8120 170
8144 171
8167 172
8188 173
8217 174
8241 175
8265 176
8283 177
8300 178
8324 179
8346 180
8364 181
8397 182
8417 183
8434 184
8449 185
8464 186
8485 187
8506 188
8542 189
8568 190
8594 191
8615 192
8633 193
8650 194
8670 195
8693 196
8708 197
8723 198
8740 199
8759 200
827 1
993 2
1255 3
1517 4
1557 5
1583 6
1682 7
1811 8
1845 9
1874 10
2031 11
2068 12
2191 13
2261 14
2333 15
2510 16
2576 17
2629 18
2676 19
2728 20
2765 21
2877 22
2959 23
2989 24
3045 25
3099 26
3189 27
3245 28
3267 29
3312 30
3338 31
3384 32
3423 33
3566 34
3663 35
3691 36
3748 37
3785 38
3927 39
3954 40
4010 41
4063 42
4113 43
4160 44
4206 45
4245 46
4273 47
4393 48
4413 49
4452 50
4526 51
4553 52
4586 53
4632 54
4698 55
4741 56
4772 57
4805 58
4825 59
4848 60
4902 61
4927 62
4958 63
4983 64
5060 65
5093 66
5139 67
5168 68
5211 69
5235 70
5273 71
5300 72
5383 73
5421 74
5451 75
5475 76
5504 77
5531 78
5554 79
5589 80
5619 81
5638 82
5676 83
5707 84
5735 85
5788 86
5817 87
5842 88
5867 89
5899 90
5927 91
5945 92
5976 93
6006 94
6026 95
6053 96
6088 97
6113 98
6133 99
6154 100
6181 101
6220 102
6250 103
6274 104
6294 105
6324 106
6344 107
6370 108
6399 109
6422 110
6446 111
6482 112
6504 113
6526 114
6551 115
6579 116
6606 117
6625 118
6648 119
6671 120
6691 121
6719 122
6745 123
6762 124
6786 125
6807 126
6824 127
6844 128
6869 129
6898 130
6916 131
6934 132
6954 133
6974 134
6998 135
7016 136
7048 137
7066 138
7083 139
7104 140
7119 141
7153 142
7172 143
7207 144
7230 145
7257 146
7274 147
7304 148
7324 149
7342 150
7359 151
7382 152
7402 153
7431 154
7452 155
7477 156
7496 157
7517 158
7539 159
7574 160
7597 161
7622 162
7649 163
7670 164
7693 165
7709 166
7732 167
7749 168
7774 169
7798 170
7817 171
7834 172
7849 173
7864 174
7879 175
7897 176
7916 177
7932 178
7953 179
7971 180
8002 181
8017 182
8036 183
8054 184
8079 185
8103 186
8125 187
8159 188
8198 189
8218 190
8254 191
8286 192
8302 193
8323 194
8339 195
8361 196
8382 197
8401 198
8426 199
8445 200
418 1
1187 2
1384 3
1533 4
1649 5
1700 6
1785 7
1829 8
1910 9
2015 10
2137 11
2177 12
2262 13
2375 14
2445 15
2494 16
2558 17
2614 18
2714 19
2827 20
2867 21
2923 22
2960 23
2985 24
3100 25
3276 26
3362 27
3408 28
3466 29
3531 30
3580 31
3604 32
3708 33
3765 34
3831 35
3894 36
3932 37
4026 38
4065 39
4121 40
4149 41
4257 42
4294 43
4343 44
4370 45
4397 46
4435 47
4483 48
4609 49
4641 50
4702 51
4743 52
4775 53
4814 54
4842 55
4916 56
4966 57
4998 58
5054 59
5100 60
5155 61
5189 62
5222 63
5253 64
5288 65
5317 66
5418 67
5439 68
5464 69
5487 70
5515 71
5544 72
5569 73
5586 74
5624 75
5648 76
5675 77
5704 78
5740 79
5765 80
5791 81
5832 82
5859 83
5883 84
5910 85
5955 86
5983 87
6022 88
6042 89
6068 90
6123 91
6157 92
6180 93
6201 94
6229 95
6250 96
6275 97
6308 98
6333 99
6350 100
6386 101
6427 102
6453 103
6471 104
6499 105
6523 106
6541 107
6572 108
6599 109
6618 110
6637 111
6660 112
6680 113
6715 114
6740 115
6763 116
6797 117
6819 118
6834 119
6855 120
6871 121
6893 122
6913 123
6932 124
6954 125
6975 126
6997 127
7021 128
7038 129
7057 130
7082 131
7100 132
7122 133
7145 134
7162 135
7187 136
7202 137
7217 138
7235 139
7252 140
7272 141
7287 142
7305 143
7329 144
7344 145
7359 146
7387 147
7416 148
7431 149
7446 150
7468 151
7487 152
7502 153
7519 154
7537 155
7552 156
7576 157
7594 158
7609 159
7629 160
7645 161
7663 162
7683 163
7700 164
7716 165
7731 166
7750 167
7768 168
7789 169
7804 170
7820 171
7839 172
7858 173
7881 174
7905 175
7929 176
7951 177
7974 178
7998 179
8018 180
8036 181
8055 182
8071 183
8089 184
8117 185
8136 186
8160 187
8180 188
8208 189
8224 190
8241 191
8261 192
8282 193
8300 194
8326 195
8342 196
8358 197
8377 198
8395 199
8419 200
