420 1
1117 2
1456 3
1557 4
1600 5
1668 6
1750 7
1954 8
1984 9
2073 10
2100 11
2139 12
2184 13
2442 14
2490 15
2522 16
2549 17
2640 18
2671 19
2752 20
2870 21
2898 22
2922 23
3033 24
3087 25
3111 26
3186 27
3367 28
3438 29
3472 30
3556 31
3575 32
3604 33
3632 34
3659 35
3696 36
3774 37
3817 38
3873 39
3946 40
3979 41
4008 42
4078 43
4107 44
4216 45
4244 46
4272 47
4295 48
4340 49
4372 50
4413 51
4453 52
4479 53
4535 54
4611 55
4646 56
4675 57
4697 58
4733 59
4774 60
4817 61
4858 62
4890 63
4921 64
4945 65
4980 66
5012 67
5047 68
5075 69
5113 70
5180 71
5207 72
5249 73
5267 74
5292 75
5320 76
5348 77
5382 78
5428 79
5456 80
5476 81
5498 82
5517 83
5578 84
5612 85
5639 86
5658 87
5688 88
5710 89
5743 90
5767 91
5795 92
5823 93
5844 94
5877 95
5895 96
5917 97
5940 98
5965 99
5991 100
6020 101
6041 102
6082 103
6104 104
6145 105
6167 106
6190 107
6208 108
6226 109
6244 110
6274 111
6295 112
6317 113
6334 114
6353 115
6371 116
6386 117
6405 118
6452 119
6479 120
6510 121
6528 122
6553 123
6570 124
6594 125
6619 126
6639 127
6661 128
6683 129
6710 130
6728 131
6747 132
6802 133
6824 134
6852 135
6868 136
6896 137
6914 138
6932 139
6953 140
6971 141
6986 142
7001 143
7029 144
7044 145
7063 146
7081 147
7101 148
7118 149
7136 150
7153 151
7173 152
7206 153
7223 154
7238 155
7256 156
7271 157
7292 158
7312 159
7330 160
7347 161
7362 162
7383 163
7399 164
7415 165
7433 166
7450 167
7466 168
7482 169
7499 170
7514 171
7529 172
7545 173
7560 174
7575 175
7590 176
7606 177
7621 178
7643 179
7662 180
7677 181
7692 182
7708 183
7725 184
7740 185
7758 186
7773 187
7788 188
7804 189
7830 190
7845 191
7862 192
7883 193
7899 194
7914 195
7930 196
7945 197
7965 198
7980 199
8002 200
497 1
1144 2
1325 3
1419 4
1547 5
1741 6
1870 7
2025 8
2059 9
2185 10
2227 11
2289 12
2355 13
2451 14
2481 15
2647 16
2686 17
2711 18
2771 19
2833 20
2896 21
2938 22
2987 23
3103 24
3219 25
3361 26
3384 27
3412 28
3458 29
3524 30
3603 31
3705 32
3750 33
3787 34
3823 35
3852 36
3958 37
4033 38
4072 39
4095 40
4131 41
4210 42
4243 43
4286 44
4318 45
4354 46
4381 47
4455 48
4504 49
4567 50
4617 51
4644 52
4690 53
4714 54
4743 55
4763 56
4801 57
4825 58
4849 59
4873 60
4921 61
4950 62
4999 63
5025 64
5047 65
5066 66
5141 67
5163 68
5211 69
5234 70
5268 71
5286 72
5312 73
5337 74
5363 75
5383 76
5404 77
5440 78
5466 79
5512 80
5537 81
5553 82
5596 83
5619 84
5654 85
5676 86
5698 87
5722 88
5754 89
5786 90
5813 91
5843 92
5877 93
5897 94
5919 95
5943 96
5962 97
5977 98
6005 99
6038 100
6065 101
6085 102
6106 103
6130 104
6151 105
6178 106
6200 107
6222 108
6242 109
6260 110
6292 111
6323 112
6365 113
6381 114
6402 115
6421 116
6445 117
6464 118
6485 119
6508 120
6534 121
6553 122
6581 123
6605 124
6632 125
6649 126
6668 127
6684 128
6700 129
6726 130
6742 131
6772 132
6789 133
6810 134
6825 135
6843 136
6861 137
6880 138
6906 139
6929 140
6949 141
6967 142
6982 143
7008 144
7024 145
7041 146
7063 147
7079 148
7097 149
7123 150
7141 151
7156 152
7172 153
7188 154
7205 155
7223 156
7238 157
7255 158
7270 159
7288 160
7303 161
7318 162
7333 163
7356 164
7373 165
7389 166
7419 167
7443 168
7460 169
7480 170
7496 171
7511 172
7530 173
7553 174
7570 175
7592 176
7609 177
7624 178
7639 179
7656 180
7673 181
7689 182
7711 183
7727 184
7747 185
7766 186
7783 187
7807 188
7822 189
7846 190
7862 191
7877 192
7895 193
7912 194
7927 195
7942 196
7960 197
7976 198
7991 199
8009 200
790 1
1202 2
1446 3
1530 4
1582 5
1650 6
1811 7
1844 8
2013 9
2062 10
2164 11
2216 12
2268 13
2358 14
2399 15
2575 16
2603 17
2675 18
2701 19
2760 20
2784 21
2843 22
2954 23
3002 24
3041 25
3105 26
3219 27
3277 28
3303 29
3340 30
3405 31
3435 32
3466 33
3529 34
3618 35
3664 36
3696 37
3724 38
3836 39
3959 40
4000 41
4038 42
4069 43
4110 44
4141 45
4188 46
4215 47
4279 48
4342 49
4383 50
4456 51
4507 52
4528 53
4553 54
4583 55
4612 56
4660 57
4687 58
4713 59
4762 60
4806 61
4856 62
4884 63
4901 64
4927 65
4947 66
4984 67
5007 68
5032 69
5072 70
5107 71
5165 72
5194 73
5229 74
5263 75
5286 76
5317 77
5350 78
5376 79
5417 80
5461 81
5480 82
5531 83
5551 84
5586 85
5614 86
5644 87
5672 88
5694 89
5723 90
5746 91
5795 92
5816 93
5834 94
5854 95
5883 96
5904 97
5938 98
5961 99
5978 100
6003 101
6027 102
6051 103
6074 104
6097 105
6119 106
6144 107
6167 108
6184 109
6207 110
6230 111
6250 112
6270 113
6289 114
6310 115
6331 116
6352 117
6372 118
6392 119
6415 120
6436 121
6453 122
6482 123
6500 124
6515 125
6536 126
6557 127
6588 128
6635 129
6658 130
6680 131
6696 132
6725 133
6748 134
6771 135
6786 136
6805 137
6821 138
6841 139
6856 140
6871 141
6900 142
6916 143
6935 144
6954 145
6986 146
7002 147
7018 148
7033 149
7051 150
7066 151
7095 152
7115 153
7130 154
7149 155
7165 156
7183 157
7202 158
7217 159
7235 160
7257 161
7274 162
7290 163
7309 164
7324 165
7344 166
7359 167
7377 168
7393 169
7411 170
7428 171
7447 172
7471 173
7488 174
7503 175
7522 176
7537 177
7552 178
7570 179
7588 180
7608 181
7625 182
7643 183
7658 184
7673 185
7688 186
7711 187
7733 188
7760 189
7778 190
7795 191
7810 192
7828 193
7844 194
7873 195
7890 196
7909 197
7926 198
7958 199
7976 200
392 1
1185 2
1354 3
1542 4
1589 5
1685 6
1761 7
1810 8
1853 9
2071 10
2144 11
2172 12
2232 13
2254 14
2393 15
2464 16
2572 17
2607 18
2689 19
2719 20
2770 21
2865 22
2898 23
3017 24
3042 25
3083 26
3144 27
3217 28
3237 29
3284 30
3309 31
3388 32
3440 33
3575 34
3644 35
3680 36
3726 37
3753 38
3830 39
3890 40
3917 41
3997 42
4020 43
4049 44
4100 45
4131 46
4196 47
4302 48
4333 49
4357 50
4410 51
4438 52
4464 53
4517 54
4544 55
4575 56
4607 57
4637 58
4700 59
4725 60
4758 61
4792 62
4824 63
4849 64
4885 65
4924 66
4948 67
5021 68
5061 69
5104 70
5128 71
5167 72
5189 73
5214 74
5235 75
5279 76
5307 77
5334 78
5380 79
5401 80
5436 81
5462 82
5504 83
5541 84
5569 85
5604 86
5627 87
5651 88
5693 89
5716 90
5760 91
5779 92
5799 93
5820 94
5841 95
5860 96
5883 97
5914 98
5937 99
5958 100
6001 101
6020 102
6039 103
6069 104
6092 105
6121 106
6146 107
6170 108
6190 109
6216 110
6238 111
6259 112
6278 113
6299 114
6321 115
6343 116
6371 117
6397 118
6413 119
6445 120
6468 121
6488 122
6507 123
6526 124
6545 125
6571 126
6589 127
6609 128
6624 129
6651 130
6669 131
6689 132
6720 133
6737 134
6755 135
6777 136
6792 137
6821 138
6841 139
6869 140
6892 141
6913 142
6929 143
6944 144
6975 145
6994 146
7009 147
7032 148
7047 149
7063 150
7080 151
7099 152
7118 153
7133 154
7150 155
7171 156
7188 157
7204 158
7222 159
7240 160
7258 161
7275 162
7292 163
7314 164
7353 165
7368 166
7386 167
7409 168
7426 169
7441 170
7456 171
7473 172
7489 173
7505 174
7520 175
7539 176
7557 177
7576 178
7591 179
7606 180
7622 181
7640 182
7655 183
7670 184
7688 185
7704 186
7719 187
7736 188
7752 189
7772 190
7801 191
7820 192
7835 193
7850 194
7865 195
7883 196
7898 197
7913 198
7940 199
7962 200
384 1
985 2
1180 3
1398 4
1535 5
1592 6
1738 7
1843 8
2064 9
2161 10
2202 11
2256 12
2352 13
2387 14
2533 15
2638 16
2685 17
2769 18
2828 19
2880 20
2970 21
3034 22
3056 23
3078 24
3137 25
3168 26
3248 27
3295 28
3382 29
3440 30
3506 31
3621 32
3670 33
3714 34
3795 35
3832 36
3871 37
3905 38
3965 39
4008 40
4057 41
4106 42
4197 43
4244 44
4285 45
4320 46
4407 47
4467 48
4506 49
4529 50
4556 51
4590 52
4630 53
4668 54
4698 55
4717 56
4739 57
4778 58
4846 59
4876 60
4906 61
4965 62
4996 63
5022 64
5063 65
5098 66
5154 67
5186 68
5226 69
5244 70
5274 71
5300 72
5326 73
5361 74
5391 75
5416 76
5445 77
5469 78
5503 79
5529 80
5548 81
5582 82
5609 83
5643 84
5661 85
5700 86
5724 87
5756 88
5775 89
5805 90
5835 91
5856 92
5891 93
5933 94
5952 95
5979 96
6001 97
6039 98
6062 99
6099 100
6119 101
6140 102
6167 103
6186 104
6218 105
6243 106
6261 107
6277 108
6314 109
6343 110
6365 111
6398 112
6431 113
6450 114
6468 115
6484 116
6506 117
6539 118
6567 119
6582 120
6605 121
6623 122
6649 123
6669 124
6690 125
6718 126
6736 127
6763 128
6780 129
6809 130
6837 131
6856 132
6876 133
6898 134
6915 135
6937 136
6955 137
6971 138
6992 139
7016 140
7033 141
7059 142
7074 143
7098 144
7115 145
7131 146
7149 147
7164 148
7179 149
7196 150
7215 151
7236 152
7256 153
7271 154
7287 155
7302 156
7323 157
7340 158
7355 159
7373 160
7388 161
7414 162
7431 163
7446 164
7462 165
7482 166
7508 167
7529 168
7544 169
7561 170
7577 171
7596 172
7612 173
7630 174
7646 175
7663 176
7681 177
7698 178
7715 179
7730 180
7758 181
7774 182
7789 183
7805 184
7820 185
7835 186
7853 187
7868 188
7899 189
7915 190
7930 191
7945 192
7968 193
7983 194
8000 195
8017 196
8032 197
8047 198
8062 199
8084 200
384 1
1026 2
1313 3
1469 4
1590 5
1649 6
1726 7
1800 8
1923 9
1983 10
2089 11
2145 12
2201 13
2441 14
2469 15
2514 16
2558 17
2687 18
2708 19
2745 20
2835 21
2918 22
2953 23
2977 24
3023 25
3252 26
3276 27
3357 28
3423 29
3445 30
3511 31
3538 32
3570 33
3692 34
3751 35
3865 36
3887 37
3934 38
3960 39
3991 40
4048 41
4094 42
4164 43
4204 44
4225 45
4301 46
4340 47
4388 48
4465 49
4492 50
4515 51
4547 52
4570 53
4627 54
4660 55
4687 56
4725 57
4749 58
4784 59
4854 60
4897 61
4935 62
4953 63
4978 64
5006 65
5073 66
5096 67
5120 68
5151 69
5173 70
5201 71
5226 72
5264 73
5287 74
5319 75
5344 76
5375 77
5405 78
5426 79
5457 80
5500 81
5538 82
5562 83
5589 84
5612 85
5636 86
5659 87
5705 88
5734 89
5761 90
5782 91
5807 92
5834 93
5875 94
5910 95
5930 96
5966 97
5991 98
6014 99
6036 100
6054 101
6070 102
6102 103
6139 104
6163 105
6181 106
6202 107
6234 108
6261 109
6280 110
6308 111
6328 112
6349 113
6367 114
6391 115
6414 116
6437 117
6456 118
6490 119
6511 120
6533 121
6565 122
6586 123
6602 124
6625 125
6643 126
6665 127
6689 128
6704 129
6724 130
6755 131
6777 132
6802 133
6824 134
6841 135
6862 136
6879 137
6897 138
6918 139
6945 140
6960 141
6981 142
7000 143
7016 144
7031 145
7047 146
7066 147
7083 148
7109 149
7124 150
7141 151
7163 152
7178 153
7198 154
7221 155
7239 156
7255 157
7290 158
7308 159
7327 160
7349 161
7364 162
7381 163
7404 164
7421 165
7438 166
7456 167
7471 168
7487 169
7507 170
7524 171
7543 172
7558 173
7579 174
7595 175
7614 176
7642 177
7658 178
7679 179
7704 180
7719 181
7735 182
7750 183
7766 184
7783 185
7798 186
7817 187
7839 188
7855 189
7873 190
7888 191
7910 192
7925 193
7940 194
7955 195
7970 196
7987 197
8006 198
8022 199
8038 200
458 1
1140 2
1321 3
1458 4
1581 5
1631 6
1744 7
1776 8
1823 9
1862 10
1961 11
2028 12
2174 13
2256 14
2427 15
2553 16
2587 17
2640 18
2702 19
2751 20
2845 21
2921 22
2946 23
3002 24
3025 25
3052 26
3144 27
3179 28
3208 29
3397 30
3431 31
3581 32
3637 33
3673 34
3702 35
3750 36
3782 37
3873 38
3949 39
3988 40
4019 41
4061 42
4140 43
4200 44
4235 45
4294 46
4324 47
4348 48
4408 49
4451 50
4536 51
4582 52
4604 53
4638 54
4666 55
4692 56
4723 57
4757 58
4831 59
4858 60
4888 61
4933 62
4956 63
5006 64
5028 65
5073 66
5136 67
5156 68
5183 69
5216 70
5245 71
5261 72
5289 73
5342 74
5370 75
5406 76
5445 77
5462 78
5482 79
5522 80
5550 81
5582 82
5607 83
5632 84
5663 85
5690 86
5741 87
5765 88
5785 89
5811 90
5840 91
5879 92
5902 93
5928 94
5944 95
5961 96
5993 97
6013 98
6054 99
6074 100
6096 101
6117 102
6138 103
6156 104
6187 105
6211 106
6228 107
6257 108
6297 109
6320 110
6340 111
6364 112
6383 113
6420 114
6444 115
6464 116
6492 117
6516 118
6535 119
6555 120
6571 121
6589 122
6611 123
6633 124
6653 125
6672 126
6703 127
6720 128
6743 129
6765 130
6788 131
6810 132
6834 133
6853 134
6872 135
6889 136
6908 137
6932 138
6954 139
6971 140
6990 141
7006 142
7023 143
7055 144
7078 145
7094 146
7115 147
7130 148
7147 149
7171 150
7193 151
7209 152
7224 153
7250 154
7266 155
7284 156
7300 157
7316 158
7333 159
7356 160
7376 161
7402 162
7418 163
7436 164
7453 165
7476 166
7493 167
7510 168
7533 169
7553 170
7570 171
7585 172
7600 173
7615 174
7634 175
7656 176
7676 177
7695 178
7710 179
7733 180
7749 181
7769 182
7785 183
7802 184
7818 185
7837 186
7854 187
7870 188
7885 189
7901 190
7923 191
7940 192
7957 193
7972 194
7999 195
8015 196
8030 197
8050 198
8070 199
8085 200
443 1
843 2
1179 3
1332 4
1436 5
1602 6
1655 7
1917 8
1961 9
1991 10
2057 11
2139 12
2160 13
2284 14
2335 15
2386 16
2562 17
2651 18
2693 19
2724 20
2771 21
2816 22
2936 23
2983 24
3100 25
3130 26
3179 27
3230 28
3279 29
3332 30
3357 31
3396 32
3422 33
3489 34
3706 35
3748 36
3772 37
3802 38
3836 39
3865 40
3913 41
4035 42
4077 43
4099 44
4115 45
4177 46
4288 47
4353 48
4378 49
4413 50
4440 51
4470 52
4489 53
4510 54
4539 55
4582 56
4617 57
4674 58
4709 59
4787 60
4811 61
4834 62
4877 63
4908 64
4951 65
4980 66
5005 67
5033 68
5060 69
5089 70
5127 71
5150 72
5167 73
5210 74
5246 75
5272 76
5298 77
5330 78
5357 79
5379 80
5404 81
5434 82
5470 83
5497 84
5529 85
5557 86
5583 87
5607 88
5644 89
5663 90
5681 91
5696 92
5717 93
5738 94
5776 95
5805 96
5826 97
5860 98
5894 99
5941 100
5963 101
5995 102
6020 103
6040 104
6063 105
6089 106
6121 107
6140 108
6167 109
6192 110
6211 111
6230 112
6258 113
6283 114
6315 115
6337 116
6353 117
6376 118
6398 119
6434 120
6453 121
6468 122
6483 123
6511 124
6528 125
6544 126
6561 127
6579 128
6595 129
6621 130
6643 131
6663 132
6683 133
6700 134
6727 135
6750 136
6768 137
6783 138
6800 139
6817 140
6834 141
6849 142
6865 143
6888 144
6918 145
6933 146
6954 147
6976 148
6991 149
7013 150
7029 151
7052 152
7070 153
7086 154
7119 155
7136 156
7155 157
7170 158
7188 159
7206 160
7224 161
7242 162
7260 163
7283 164
7299 165
7314 166
7329 167
7346 168
7365 169
7380 170
7395 171
7411 172
7426 173
7455 174
7475 175
7504 176
7523 177
7539 178
7561 179
7580 180
7609 181
7635 182
7651 183
7668 184
7693 185
7709 186
7727 187
7742 188
7775 189
7791 190
7808 191
7829 192
7856 193
7873 194
7889 195
7906 196
7921 197
7936 198
7961 199
7979 200
832 1
1150 2
1423 3
1584 4
1610 5
1645 6
1900 7
1950 8
2019 9
2073 10
2201 11
2245 12
2379 13
2430 14
2473 15
2583 16
2611 17
2644 18
2665 19
2718 20
2788 21
2964 22
2990 23
3030 24
3056 25
3096 26
3194 27
3295 28
3351 29
3460 30
3514 31
3609 32
3688 33
3723 34
3749 35
3794 36
3837 37
3931 38
3970 39
3999 40
4076 41
4126 42
4155 43
4195 44
4234 45
4289 46
4340 47
4374 48
4408 49
4487 50
4531 51
4576 52
4615 53
4646 54
4678 55
4704 56
4746 57
4786 58
4818 59
4840 60
4891 61
4922 62
4962 63
5019 64
5055 65
5078 66
5119 67
5136 68
5172 69
5211 70
5230 71
5262 72
5307 73
5338 74
5363 75
5390 76
5413 77
5433 78
5487 79
5507 80
5537 81
5579 82
5614 83
5634 84
5669 85
5696 86
5714 87
5735 88
5759 89
5793 90
5820 91
5840 92
5858 93
5884 94
5903 95
5933 96
5960 97
5986 98
6007 99
6031 100
6046 101
6073 102
6090 103
6125 104
6144 105
6172 106
6193 107
6210 108
6231 109
6255 110
6277 111
6295 112
6317 113
6347 114
6376 115
6398 116
6425 117
6451 118
6478 119
6502 120
6524 121
6540 122
6562 123
6585 124
6602 125
6617 126
6633 127
6663 128
6699 129
6714 130
6735 131
6755 132
6773 133
6799 134
6818 135
6836 136
6858 137
6874 138
6890 139
6911 140
6929 141
6946 142
6963 143
6984 144
7011 145
7031 146
7046 147
7074 148
7093 149
7108 150
7140 151
7161 152
7180 153
7205 154
7225 155
7240 156
7257 157
7275 158
7294 159
7309 160
7325 161
7340 162
7364 163
7381 164
7396 165
7417 166
7433 167
7451 168
7468 169
7489 170
7515 171
7530 172
7550 173
7566 174
7581 175
7601 176
7623 177
7641 178
7659 179
7674 180
7692 181
7707 182
7723 183
7738 184
7759 185
7776 186
7796 187
7824 188
7847 189
7862 190
7878 191
7894 192
7911 193
7930 194
7949 195
7964 196
7984 197
8001 198
8016 199
8040 200
464 1
1203 2
1322 3
1466 4
1594 5
1639 6
1836 7
1891 8
1916 9
2030 10
2082 11
2130 12
2269 13
2347 14
2392 15
2418 16
2449 17
2662 18
2732 19
2808 20
2853 21
2880 22
2949 23
3022 24
3088 25
3203 26
3231 27
3265 28
3294 29
3392 30
3463 31
3501 32
3531 33
3654 34
3683 35
3854 36
3889 37
3930 38
3964 39
3999 40
4030 41
4057 42
4173 43
4248 44
4302 45
4343 46
4378 47
4414 48
4446 49
4473 50
4512 51
4546 52
4571 53
4604 54
4667 55
4703 56
4742 57
4768 58
4814 59
4836 60
4878 61
4927 62
4967 63
4998 64
5020 65
5044 66
5125 67
5156 68
5174 69
5195 70
5232 71
5252 72
5285 73
5341 74
5370 75
5397 76
5430 77
5458 78
5474 79
5500 80
5538 81
5557 82
5578 83
5617 84
5646 85
5670 86
5687 87
5717 88
5752 89
5774 90
5796 91
5823 92
5864 93
5886 94
5916 95
5933 96
5977 97
6005 98
6030 99
6045 100
6080 101
6105 102
6130 103
6164 104
6190 105
6206 106
6228 107
6252 108
6276 109
6297 110
6313 111
6338 112
6360 113
6394 114
6420 115
6449 116
6466 117
6489 118
6504 119
6524 120
6553 121
6572 122
6599 123
6625 124
6644 125
6669 126
6686 127
6701 128
6720 129
6741 130
6759 131
6776 132
6792 133
6813 134
6832 135
6848 136
6867 137
6883 138
6912 139
6928 140
6943 141
6963 142
6980 143
7000 144
7018 145
7036 146
7068 147
7084 148
7104 149
7127 150
7142 151
7165 152
7184 153
7199 154
7215 155
7234 156
7249 157
7265 158
7280 159
7296 160
7312 161
7329 162
7346 163
7362 164
7385 165
7407 166
7422 167
7441 168
7456 169
7474 170
7490 171
7514 172
7538 173
7553 174
7568 175
7584 176
7601 177
7617 178
7632 179
7647 180
7662 181
7678 182
7695 183
7711 184
7727 185
7746 186
7763 187
7779 188
7798 189
7819 190
7834 191
7851 192
7869 193
7884 194
7900 195
7915 196
7930 197
7950 198
7966 199
7989 200
287 1
1105 2
1201 3
1457 4
1596 5
1672 6
1761 7
1794 8
1904 9
2186 10
2220 11
2284 12
2370 13
2396 14
2467 15
2515 16
2540 17
2691 18
2723 19
2825 20
2921 21
2946 22
2989 23
3059 24
3103 25
3207 26
3282 27
3340 28
3361 29
3435 30
3491 31
3612 32
3660 33
3740 34
3812 35
3839 36
3868 37
3947 38
3991 39
4015 40
4055 41
4100 42
4141 43
4203 44
4246 45
4267 46
4297 47
4374 48
4397 49
4425 50
4459 51
4552 52
4583 53
4617 54
4641 55
4669 56
4710 57
4736 58
4770 59
4874 60
4911 61
4933 62
4974 63
4998 64
5026 65
5074 66
5098 67
5184 68
5215 69
5241 70
5264 71
5294 72
5318 73
5346 74
5371 75
5408 76
5435 77
5460 78
5482 79
5512 80
5539 81
5571 82
5599 83
5622 84
5671 85
5688 86
5729 87
5755 88
5779 89
5809 90
5832 91
5862 92
5898 93
5921 94
5949 95
5972 96
5998 97
6031 98
6056 99
6074 100
6100 101
6134 102
6154 103
6178 104
6226 105
6245 106
6270 107
6288 108
6304 109
6326 110
6358 111
6386 112
6422 113
6445 114
6460 115
6482 116
6498 117
6514 118
6542 119
6566 120
6589 121
6609 122
6624 123
6641 124
6660 125
6681 126
6697 127
6720 128
6737 129
6761 130
6783 131
6818 132
6835 133
6851 134
6875 135
6894 136
6913 137
6937 138
6952 139
6969 140
6991 141
7006 142
7021 143
7036 144
7057 145
7072 146
7088 147
7107 148
7138 149
7153 150
7170 151
7188 152
7205 153
7230 154
7261 155
7276 156
7293 157
7308 158
7327 159
7343 160
7363 161
7379 162
7401 163
7419 164
7442 165
7459 166
7475 167
7500 168
7517 169
7537 170
7552 171
7567 172
7584 173
7601 174
7617 175
7633 176
7653 177
7670 178
7685 179
7704 180
7724 181
7742 182
7757 183
7773 184
7789 185
7804 186
7819 187
7834 188
7855 189
7870 190
7893 191
7909 192
7926 193
7948 194
7963 195
7978 196
7993 197
8010 198
8025 199
8043 200
416 1
1261 2
1426 3
1462 4
1612 5
1659 6
1828 7
1914 8
1968 9
2016 10
2142 11
2191 12
2217 13
2263 14
2419 15
2624 16
2661 17
2695 18
2735 19
2761 20
2895 21
2927 22
2950 23
2973 24
3108 25
3136 26
3254 27
3337 28
3365 29
3406 30
3472 31
3602 32
3637 33
3677 34
3805 35
3841 36
3883 37
3917 38
3943 39
4053 40
4099 41
4167 42
4213 43
4239 44
4261 45
4287 46
4325 47
4486 48
4511 49
4526 50
4548 51
4576 52
4603 53
4642 54
4672 55
4703 56
4731 57
4831 58
4870 59
4919 60
4941 61
4963 62
4994 63
5029 64
5053 65
5073 66
5101 67
5121 68
5142 69
5170 70
5201 71
5231 72
5261 73
5291 74
5318 75
5357 76
5413 77
5448 78
5479 79
5513 80
5547 81
5600 82
5630 83
5653 84
5675 85
5691 86
5718 87
5747 88
5768 89
5788 90
5825 91
5849 92
5881 93
5916 94
5935 95
5966 96
5987 97
6011 98
6038 99
6073 100
6091 101
6115 102
6144 103
6180 104
6205 105
6236 106
6258 107
6281 108
6300 109
6316 110
6337 111
6360 112
6381 113
6398 114
6428 115
6443 116
6464 117
6491 118
6515 119
6538 120
6560 121
6582 122
6597 123
6616 124
6640 125
6656 126
6676 127
6695 128
6716 129
6740 130
6771 131
6787 132
6802 133
6822 134
6856 135
6871 136
6890 137
6909 138
6939 139
6954 140
6976 141
6999 142
7014 143
7029 144
7046 145
7066 146
7083 147
7099 148
7116 149
7133 150
7153 151
7172 152
7194 153
7211 154
7226 155
7248 156
7264 157
7283 158
7298 159
7313 160
7339 161
7360 162
7378 163
7394 164
7410 165
7426 166
7443 167
7464 168
7486 169
7506 170
7531 171
7546 172
7562 173
7583 174
7598 175
7623 176
7644 177
7666 178
7683 179
7703 180
7721 181
7740 182
7758 183
7773 184
7791 185
7810 186
7826 187
7844 188
7869 189
7886 190
7901 191
7916 192
7931 193
7947 194
7964 195
7981 196
7996 197
8014 198
8034 199
8049 200
435 1
933 2
1253 3
1411 4
1469 5
1653 6
1751 7
1821 8
1845 9
2027 10
2133 11
2240 12
2262 13
2285 14
2332 15
2366 16
2455 17
2597 18
2693 19
2731 20
2819 21
2850 22
2872 23
2946 24
2972 25
3114 26
3159 27
3197 28
3230 29
3270 30
3453 31
3479 32
3533 33
3594 34
3721 35
3762 36
3834 37
3901 38
3978 39
4013 40
4038 41
4072 42
4103 43
4133 44
4158 45
4251 46
4314 47
4342 48
4381 49
4411 50
4445 51
4484 52
4519 53
4538 54
4592 55
4669 56
4692 57
4715 58
4752 59
4778 60
4803 61
4831 62
4882 63
4913 64
4951 65
4986 66
5010 67
5109 68
5130 69
5153 70
5193 71
5216 72
5250 73
5284 74
5306 75
5325 76
5360 77
5393 78
5420 79
5451 80
5471 81
5498 82
5523 83
5566 84
5592 85
5622 86
5647 87
5677 88
5702 89
5723 90
5745 91
5790 92
5811 93
5834 94
5861 95
5883 96
5915 97
5944 98
5967 99
5993 100
6024 101
6054 102
6087 103
6120 104
6140 105
6166 106
6188 107
6215 108
6232 109
6256 110
6275 111
6298 112
6328 113
6346 114
6363 115
6392 116
6413 117
6434 118
6449 119
6473 120
6505 121
6534 122
6549 123
6575 124
6595 125
6615 126
6637 127
6670 128
6690 129
6706 130
6723 131
6741 132
6768 133
6787 134
6806 135
6823 136
6845 137
6861 138
6886 139
6907 140
6926 141
6958 142
6981 143
6999 144
7018 145
7035 146
7051 147
7066 148
7089 149
7108 150
7125 151
7142 152
7162 153
7180 154
7202 155
7221 156
7236 157
7267 158
7282 159
7300 160
7315 161
7330 162
7345 163
7363 164
7382 165
7397 166
7414 167
7432 168
7452 169
7469 170
7492 171
7510 172
7525 173
7543 174
7561 175
7576 176
7591 177
7607 178
7622 179
7639 180
7655 181
7673 182
7692 183
7708 184
7732 185
7749 186
7764 187
7787 188
7808 189
7839 190
7854 191
7869 192
7886 193
7901 194
7917 195
7939 196
7971 197
7987 198
8008 199
8027 200
465 1
1024 2
1250 3
1366 4
1543 5
1628 6
1713 7
1862 8
1909 9
2060 10
2084 11
2229 12
2264 13
2290 14
2320 15
2447 16
2528 17
2547 18
2619 19
2648 20
2717 21
2844 22
2926 23
2975 24
2996 25
3129 26
3207 27
3287 28
3317 29
3348 30
3380 31
3424 32
3557 33
3603 34
3665 35
3741 36
3805 37
3836 38
3866 39
3901 40
3947 41
4076 42
4128 43
4176 44
4199 45
4232 46
4340 47
4382 48
4412 49
4443 50
4464 51
4485 52
4518 53
4550 54
4653 55
4737 56
4761 57
4787 58
4815 59
4845 60
4873 61
4897 62
4920 63
4943 64
4973 65
5005 66
5056 67
5102 68
5138 69
5180 70
5202 71
5237 72
5280 73
5302 74
5341 75
5362 76
5392 77
5426 78
5447 79
5470 80
5512 81
5540 82
5579 83
5597 84
5630 85
5659 86
5686 87
5705 88
5722 89
5749 90
5795 91
5821 92
5841 93
5866 94
5894 95
5916 96
5936 97
5953 98
5979 99
6000 100
6024 101
6054 102
6074 103
6109 104
6146 105
6175 106
6197 107
6218 108
6236 109
6261 110
6287 111
6306 112
6328 113
6344 114
6367 115
6387 116
6403 117
6426 118
6459 119
6475 120
6500 121
6515 122
6545 123
6570 124
6598 125
6614 126
6641 127
6667 128
6685 129
6707 130
6756 131
6775 132
6792 133
6815 134
6841 135
6869 136
6890 137
6907 138
6926 139
6946 140
6980 141
6999 142
7020 143
7037 144
7056 145
7071 146
7091 147
7113 148
7131 149
7146 150
7165 151
7180 152
7206 153
7224 154
7239 155
7254 156
7271 157
7288 158
7309 159
7331 160
7346 161
7361 162
7376 163
7391 164
7409 165
7424 166
7441 167
7459 168
7474 169
7499 170
7517 171
7534 172
7552 173
7567 174
7584 175
7602 176
7622 177
7637 178
7652 179
7667 180
7688 181
7710 182
7726 183
7743 184
7760 185
7777 186
7794 187
7814 188
7829 189
7844 190
7861 191
7876 192
7894 193
7909 194
7924 195
7940 196
7955 197
7971 198
7986 199
8001 200
467 1
1075 2
1299 3
1441 4
1549 5
1597 6
1805 7
1879 8
1936 9
2002 10
2073 11
2167 12
2243 13
2378 14
2402 15
2433 16
2520 17
2541 18
2634 19
2667 20
2698 21
2821 22
2900 23
2970 24
3065 25
3094 26
3122 27
3273 28
3344 29
3378 30
3442 31
3537 32
3565 33
3648 34
3744 35
3792 36
3829 37
3847 38
3876 39
3896 40
3988 41
4030 42
4109 43
4185 44
4219 45
4246 46
4271 47
4318 48
4375 49
4398 50
4436 51
4478 52
4520 53
4541 54
4570 55
4592 56
4628 57
4655 58
4715 59
4761 60
4794 61
4838 62
4907 63
4928 64
4969 65
4996 66
5015 67
5045 68
5062 69
5091 70
5118 71
5151 72
5182 73
5210 74
5258 75
5282 76
5301 77
5329 78
5387 79
5417 80
5434 81
5458 82
5510 83
5548 84
5573 85
5594 86
5616 87
5643 88
5667 89
5687 90
5716 91
5747 92
5770 93
5791 94
5816 95
5839 96
5871 97
5897 98
5918 99
5936 100
5967 101
5991 102
6012 103
6034 104
6060 105
6083 106
6108 107
6134 108
6156 109
6194 110
6211 111
6233 112
6251 113
6272 114
6302 115
6326 116
6344 117
6365 118
6389 119
6414 120
6436 121
6451 122
6473 123
6498 124
6518 125
6544 126
6560 127
6576 128
6599 129
6629 130
6653 131
6669 132
6688 133
6722 134
6741 135
6760 136
6777 137
6793 138
6812 139
6827 140
6850 141
6870 142
6888 143
6904 144
6925 145
6945 146
6960 147
6979 148
6996 149
7011 150
7026 151
7043 152
7066 153
7087 154
7102 155
7140 156
7155 157
7173 158
7195 159
7212 160
7228 161
7252 162
7271 163
7288 164
7319 165
7346 166
7362 167
7377 168
7393 169
7409 170
7428 171
7443 172
7460 173
7479 174
7494 175
7515 176
7530 177
7545 178
7561 179
7576 180
7600 181
7619 182
7641 183
7657 184
7683 185
7698 186
7719 187
7740 188
7760 189
7779 190
7794 191
7810 192
7826 193
7842 194
7857 195
7873 196
7896 197
7914 198
7929 199
7947 200
517 1
1267 2
1452 3
1566 4
1700 5
1816 6
1846 7
1912 8
1973 9
2010 10
2122 11
2262 12
2345 13
2384 14
2453 15
2478 16
2601 17
2660 18
2693 19
2819 20
2868 21
2894 22
2931 23
2952 24
3105 25
3134 26
3157 27
3224 28
3387 29
3465 30
3512 31
3562 32
3605 33
3632 34
3707 35
3775 36
3833 37
3875 38
3915 39
3993 40
4022 41
4111 42
4157 43
4183 44
4212 45
4294 46
4322 47
4383 48
4437 49
4471 50
4522 51
4564 52
4606 53
4632 54
4679 55
4704 56
4756 57
4801 58
4855 59
4883 60
4924 61
4965 62
4991 63
5020 64
5039 65
5128 66
5146 67
5165 68
5197 69
5233 70
5273 71
5308 72
5346 73
5364 74
5383 75
5411 76
5431 77
5458 78
5491 79
5517 80
5540 81
5565 82
5597 83
5622 84
5639 85
5660 86
5699 87
5743 88
5769 89
5791 90
5821 91
5844 92
5863 93
5895 94
5919 95
5947 96
5980 97
6004 98
6030 99
6053 100
6072 101
6115 102
6136 103
6165 104
6185 105
6206 106
6227 107
6265 108
6288 109
6308 110
6328 111
6351 112
6369 113
6394 114
6412 115
6444 116
6463 117
6483 118
6505 119
6543 120
6572 121
6592 122
6609 123
6637 124
6662 125
6677 126
6709 127
6727 128
6742 129
6761 130
6777 131
6800 132
6821 133
6838 134
6861 135
6878 136
6900 137
6923 138
6950 139
6965 140
6981 141
7002 142
7020 143
7038 144
7056 145
7076 146
7115 147
7132 148
7149 149
7174 150
7193 151
7213 152
7228 153
7247 154
7262 155
7285 156
7300 157
7319 158
7345 159
7360 160
7375 161
7390 162
7405 163
7424 164
7439 165
7455 166
7470 167
7490 168
7507 169
7524 170
7539 171
7556 172
7571 173
7589 174
7604 175
7619 176
7637 177
7654 178
7672 179
7688 180
7706 181
7723 182
7741 183
7757 184
7774 185
7800 186
7817 187
7835 188
7852 189
7870 190
7887 191
7904 192
7921 193
7937 194
7952 195
7973 196
7994 197
8013 198
8028 199
8045 200
406 1
1011 2
1231 3
1545 4
1568 5
1796 6
1856 7
1897 8
1995 9
2022 10
2084 11
2169 12
2274 13
2356 14
2440 15
2467 16
2539 17
2587 18
2744 19
2895 20
2933 21
2982 22
3006 23
3069 24
3107 25
3147 26
3170 27
3243 28
3274 29
3339 30
3368 31
3391 32
3518 33
3641 34
3691 35
3754 36
3778 37
3816 38
3849 39
3903 40
4000 41
4037 42
4071 43
4116 44
4196 45
4259 46
4281 47
4317 48
4338 49
4368 50
4403 51
4456 52
4475 53
4552 54
4578 55
4631 56
4658 57
4748 58
4787 59
4820 60
4847 61
4891 62
4934 63
4960 64
4984 65
5022 66
5077 67
5104 68
5123 69
5144 70
5184 71
5206 72
5249 73
5268 74
5299 75
5329 76
5413 77
5439 78
5463 79
5486 80
5510 81
5532 82
5561 83
5602 84
5621 85
5641 86
5667 87
5702 88
5722 89
5747 90
5764 91
5781 92
5800 93
5825 94
5863 95
5893 96
5911 97
5933 98
5960 99
6001 100
6023 101
6043 102
6082 103
6107 104
6128 105
6150 106
6177 107
6218 108
6246 109
6265 110
6282 111
6306 112
6323 113
6341 114
6367 115
6386 116
6408 117
6426 118
6452 119
6468 120
6492 121
6507 122
6531 123
6559 124
6575 125
6595 126
6621 127
6642 128
6664 129
6692 130
6709 131
6733 132
6751 133
6767 134
6786 135
6808 136
6827 137
6852 138
6867 139
6887 140
6903 141
6924 142
6944 143
6963 144
6979 145
6995 146
7017 147
7037 148
7064 149
7087 150
7103 151
7119 152
7138 153
7155 154
7186 155
7201 156
7218 157
7240 158
7257 159
7272 160
7290 161
7307 162
7328 163
7346 164
7383 165
7401 166
7417 167
7435 168
7454 169
7473 170
7488 171
7503 172
7520 173
7535 174
7553 175
7570 176
7587 177
7603 178
7618 179
7636 180
7653 181
7672 182
7687 183
7704 184
7720 185
7735 186
7754 187
7769 188
7788 189
7804 190
7819 191
7836 192
7853 193
7868 194
7885 195
7900 196
7917 197
7937 198
7952 199
7967 200
374 1
1169 2
1344 3
1434 4
1534 5
1560 6
1669 7
1859 8
1898 9
1940 10
2047 11
2080 12
2105 13
2333 14
2387 15
2414 16
2525 17
2583 18
2706 19
2742 20
2799 21
2837 22
2897 23
2936 24
2977 25
3110 26
3267 27
3299 28
3334 29
3449 30
3482 31
3515 32
3557 33
3601 34
3667 35
3755 36
3856 37
3900 38
3945 39
4009 40
4038 41
4107 42
4128 43
4154 44
4195 45
4248 46
4270 47
4307 48
4339 49
4419 50
4443 51
4469 52
4529 53
4557 54
4597 55
4631 56
4685 57
4714 58
4735 59
4777 60
4802 61
4835 62
4857 63
4892 64
4924 65
4975 66
5009 67
5048 68
5075 69
5098 70
5120 71
5146 72
5189 73
5216 74
5238 75
5267 76
5305 77
5328 78
5369 79
5389 80
5484 81
5509 82
5531 83
5562 84
5579 85
5606 86
5639 87
5667 88
5688 89
5719 90
5740 91
5759 92
5795 93
5812 94
5836 95
5864 96
5893 97
5919 98
5936 99
5975 100
5997 101
6015 102
6038 103
6063 104
6083 105
6104 106
6132 107
6166 108
6191 109
6211 110
6232 111
6256 112
6280 113
6307 114
6329 115
6358 116
6377 117
6404 118
6427 119
6472 120
6493 121
6512 122
6531 123
6547 124
6570 125
6586 126
6603 127
6630 128
6646 129
6661 130
6681 131
6698 132
6716 133
6736 134
6755 135
6770 136
6788 137
6808 138
6827 139
6842 140
6857 141
6874 142
6899 143
6914 144
6934 145
6950 146
6968 147
6983 148
7004 149
7024 150
7043 151
7058 152
7080 153
7098 154
7114 155
7129 156
7149 157
7178 158
7195 159
7213 160
7236 161
7252 162
7267 163
7282 164
7301 165
7316 166
7337 167
7352 168
7370 169
7387 170
7407 171
7423 172
7439 173
7468 174
7484 175
7507 176
7522 177
7554 178
7578 179
7593 180
7612 181
7627 182
7642 183
7661 184
7676 185
7692 186
7709 187
7735 188
7751 189
7766 190
7787 191
7807 192
7827 193
7843 194
7870 195
7889 196
7909 197
7924 198
7939 199
7955 200
448 1
1204 2
1348 3
1512 4
1553 5
1586 6
1625 7
1741 8
1905 9
1992 10
2027 11
2118 12
2194 13
2263 14
2320 15
2376 16
2399 17
2448 18
2634 19
2658 20
2721 21
2749 22
2856 23
2880 24
2979 25
3005 26
3034 27
3067 28
3152 29
3211 30
3270 31
3348 32
3383 33
3408 34
3493 35
3621 36
3654 37
3684 38
3713 39
3736 40
3822 41
3941 42
3959 43
3993 44
4029 45
4113 46
4211 47
4241 48
4284 49
4318 50
4353 51
4383 52
4420 53
4469 54
4550 55
4587 56
4605 57
4642 58
4669 59
4734 60
4770 61
4803 62
4824 63
4875 64
4903 65
4930 66
4985 67
5025 68
5061 69
5081 70
5103 71
5127 72
5162 73
5197 74
5224 75
5259 76
5297 77
5346 78
5371 79
5390 80
5422 81
5445 82
5477 83
5502 84
5529 85
5551 86
5581 87
5602 88
5628 89
5661 90
5681 91
5698 92
5721 93
5741 94
5770 95
5802 96
5835 97
5864 98
5891 99
5927 100
5949 101
5970 102
6002 103
6023 104
6043 105
6073 106
6092 107
6115 108
6131 109
6154 110
6181 111
6199 112
6216 113
6235 114
6261 115
6289 116
6313 117
6337 118
6355 119
6382 120
6416 121
6433 122
6460 123
6481 124
6498 125
6523 126
6541 127
6559 128
6584 129
6605 130
6631 131
6656 132
6672 133
6691 134
6706 135
6727 136
6748 137
6764 138
6781 139
6798 140
6817 141
6842 142
6857 143
6880 144
6896 145
6914 146
6930 147
6950 148
6967 149
6986 150
7004 151
7031 152
7046 153
7062 154
7079 155
7095 156
7112 157
7128 158
7143 159
7186 160
7203 161
7228 162
7243 163
7259 164
7275 165
7293 166
7312 167
7334 168
7352 169
7367 170
7382 171
7400 172
7416 173
7437 174
7454 175
7469 176
7484 177
7499 178
7516 179
7533 180
7548 181
7576 182
7596 183
7615 184
7632 185
7649 186
7665 187
7682 188
7699 189
7715 190
7732 191
7761 192
7777 193
7796 194
7811 195
7831 196
7850 197
7882 198
7900 199
7915 200
462 1
1081 2
1305 3
1420 4
1538 5
1612 6
1736 7
1781 8
1904 9
1948 10
2095 11
2148 12
2179 13
2205 14
2377 15
2541 16
2621 17
2719 18
2758 19
2842 20
2865 21
2928 22
2959 23
2989 24
3016 25
3053 26
3092 27
3153 28
3275 29
3385 30
3408 31
3446 32
3534 33
3564 34
3622 35
3681 36
3743 37
3830 38
3875 39
3963 40
3985 41
4008 42
4048 43
4080 44
4208 45
4231 46
4292 47
4326 48
4351 49
4383 50
4430 51
4477 52
4516 53
4555 54
4580 55
4611 56
4704 57
4729 58
4793 59
4815 60
4860 61
4899 62
4931 63
4959 64
4981 65
5006 66
5058 67
5087 68
5116 69
5137 70
5181 71
5202 72
5230 73
5270 74
5296 75
5317 76
5347 77
5410 78
5442 79
5481 80
5502 81
5531 82
5555 83
5575 84
5603 85
5636 86
5653 87
5681 88
5707 89
5736 90
5751 91
5781 92
5819 93
5845 94
5870 95
5891 96
5922 97
5942 98
5959 99
5981 100
6001 101
6041 102
6064 103
6084 104
6107 105
6134 106
6158 107
6176 108
6199 109
6219 110
6243 111
6267 112
6295 113
6322 114
6342 115
6357 116
6380 117
6401 118
6416 119
6435 120
6454 121
6473 122
6490 123
6520 124
6551 125
6568 126
6601 127
6619 128
6635 129
6657 130
6675 131
6705 132
6727 133
6766 134
6781 135
6804 136
6835 137
6853 138
6881 139
6901 140
6919 141
6935 142
6957 143
6972 144
6990 145
7012 146
7029 147
7048 148
7063 149
7078 150
7095 151
7115 152
7131 153
7147 154
7165 155
7192 156
7208 157
7223 158
7247 159
7263 160
7278 161
7297 162
7314 163
7329 164
7346 165
7362 166
7386 167
7401 168
7423 169
7439 170
7454 171
7475 172
7493 173
7508 174
7536 175
7551 176
7569 177
7588 178
7607 179
7629 180
7645 181
7663 182
7680 183
7698 184
7717 185
7732 186
7754 187
7769 188
7784 189
7800 190
7818 191
7833 192
7849 193
7865 194
7881 195
7896 196
7926 197
7941 198
7961 199
7986 200
484 1
816 2
1226 3
1504 4
1541 5
1568 6
1693 7
1792 8
1827 9
1949 10
1997 11
2134 12
2169 13
2273 14
2332 15
2479 16
2504 17
2588 18
2653 19
2687 20
2767 21
2910 22
2974 23
2996 24
3076 25
3112 26
3153 27
3237 28
3265 29
3314 30
3374 31
3401 32
3482 33
3581 34
3601 35
3671 36
3776 37
3829 38
3880 39
3910 40
3959 41
3990 42
4045 43
4108 44
4158 45
4331 46
4360 47
4386 48
4414 49
4448 50
4486 51
4517 52
4558 53
4592 54
4621 55
4650 56
4688 57
4772 58
4795 59
4826 60
4871 61
4896 62
4921 63
4943 64
4986 65
5025 66
5056 67
5108 68
5136 69
5166 70
5190 71
5212 72
5243 73
5272 74
5328 75
5357 76
5380 77
5410 78
5438 79
5470 80
5503 81
5525 82
5552 83
5574 84
5600 85
5622 86
5643 87
5665 88
5701 89
5734 90
5759 91
5783 92
5807 93
5829 94
5853 95
5885 96
5911 97
5934 98
5962 99
5988 100
6010 101
6037 102
6058 103
6076 104
6103 105
6145 106
6163 107
6192 108
6220 109
6248 110
6276 111
6301 112
6340 113
6361 114
6385 115
6406 116
6423 117
6442 118
6461 119
6477 120
6500 121
6527 122
6546 123
6577 124
6594 125
6615 126
6634 127
6663 128
6691 129
6706 130
6726 131
6746 132
6766 133
6792 134
6813 135
6832 136
6847 137
6868 138
6887 139
6905 140
6923 141
6943 142
6960 143
6976 144
6994 145
7017 146
7032 147
7047 148
7065 149
7085 150
7101 151
7116 152
7133 153
7150 154
7170 155
7186 156
7203 157
7220 158
7237 159
7258 160
7274 161
7293 162
7308 163
7324 164
7342 165
7361 166
7379 167
7406 168
7421 169
7436 170
7468 171
7484 172
7509 173
7525 174
7546 175
7572 176
7590 177
7607 178
7623 179
7638 180
7653 181
7668 182
7684 183
7704 184
7722 185
7737 186
7752 187
7767 188
7787 189
7802 190
7823 191
7841 192
7858 193
7879 194
7894 195
7914 196
7930 197
7953 198
7975 199
7990 200
353 1
1258 2
1395 3
1567 4
1641 5
1687 6
1806 7
1834 8
1905 9
2011 10
2120 11
2177 12
2240 13
2372 14
2488 15
2519 16
2559 17
2616 18
2649 19
2734 20
2857 21
2920 22
2947 23
2999 24
3111 25
3133 26
3164 27
3191 28
3256 29
3316 30
3475 31
3504 32
3540 33
3576 34
3604 35
3674 36
3769 37
3835 38
3873 39
3908 40
4011 41
4109 42
4141 43
4187 44
4224 45
4247 46
4279 47
4318 48
4374 49
4423 50
4545 51
4575 52
4598 53
4625 54
4648 55
4679 56
4704 57
4756 58
4776 59
4809 60
4870 61
4905 62
4952 63
4973 64
5008 65
5034 66
5056 67
5114 68
5137 69
5165 70
5191 71
5216 72
5236 73
5268 74
5294 75
5337 76
5360 77
5376 78
5401 79
5431 80
5478 81
5505 82
5535 83
5567 84
5595 85
5652 86
5673 87
5712 88
5751 89
5768 90
5797 91
5821 92
5837 93
5867 94
5902 95
5920 96
5948 97
5980 98
5997 99
6042 100
6064 101
6084 102
6108 103
6132 104
6161 105
6179 106
6205 107
6234 108
6253 109
6271 110
6291 111
6318 112
6345 113
6376 114
6401 115
6426 116
6447 117
6465 118
6498 119
6516 120
6534 121
6566 122
6591 123
6606 124
6631 125
6651 126
6672 127
6689 128
6721 129
6742 130
6771 131
6788 132
6814 133
6842 134
6858 135
6877 136
6896 137
6913 138
6932 139
6950 140
6965 141
6992 142
7007 143
7022 144
7040 145
7061 146
7077 147
7097 148
7114 149
7129 150
7151 151
7168 152
7183 153
7206 154
7225 155
7240 156
7255 157
7272 158
7287 159
7302 160
7317 161
7343 162
7358 163
7377 164
7395 165
7411 166
7433 167
7448 168
7464 169
7488 170
7503 171
7518 172
7535 173
7552 174
7569 175
7587 176
7606 177
7626 178
7647 179
7666 180
7683 181
7702 182
7718 183
7742 184
7759 185
7774 186
7794 187
7809 188
7824 189
7841 190
7856 191
7871 192
7891 193
7908 194
7924 195
7941 196
7965 197
7982 198
7997 199
8021 200
864 1
1184 2
1313 3
1430 4
1527 5
1601 6
1684 7
1744 8
1990 9
2043 10
2110 11
2187 12
2266 13
2346 14
2384 15
2408 16
2577 17
2620 18
2683 19
2717 20
2878 21
2958 22
2995 23
3020 24
3047 25
3099 26
3156 27
3185 28
3300 29
3322 30
3388 31
3470 32
3494 33
3533 34
3597 35
3695 36
3718 37
3862 38
3938 39
3993 40
4024 41
4050 42
4110 43
4169 44
4202 45
4303 46
4330 47
4377 48
4412 49
4437 50
4467 51
4505 52
4557 53
4594 54
4656 55
4691 56
4727 57
4752 58
4791 59
4818 60
4855 61
4882 62
4903 63
4939 64
4981 65
5044 66
5076 67
5132 68
5171 69
5200 70
5234 71
5264 72
5293 73
5311 74
5377 75
5406 76
5424 77
5447 78
5485 79
5508 80
5528 81
5575 82
5599 83
5624 84
5651 85
5681 86
5707 87
5734 88
5765 89
5795 90
5817 91
5839 92
5864 93
5885 94
5926 95
5948 96
5973 97
6008 98
6029 99
6051 100
6082 101
6103 102
6126 103
6144 104
6168 105
6193 106
6222 107
6268 108
6292 109
6316 110
6334 111
6358 112
6387 113
6409 114
6425 115
6440 116
6462 117
6503 118
6519 119
6543 120
6568 121
6596 122
6614 123
6640 124
6662 125
6684 126
6705 127
6723 128
6748 129
6764 130
6792 131
6808 132
6834 133
6849 134
6889 135
6906 136
6925 137
6942 138
6966 139
6981 140
7008 141
7024 142
7047 143
7067 144
7082 145
7101 146
7118 147
7135 148
7155 149
7172 150
7187 151
7205 152
7230 153
7246 154
7265 155
7281 156
7297 157
7317 158
7343 159
7358 160
7373 161
7389 162
7405 163
7420 164
7438 165
7457 166
7474 167
7492 168
7510 169
7543 170
7561 171
7580 172
7600 173
7624 174
7646 175
7661 176
7678 177
7694 178
7709 179
7726 180
7763 181
7778 182
7794 183
7810 184
7825 185
7848 186
7867 187
7883 188
7902 189
7918 190
7942 191
7960 192
7976 193
7997 194
8012 195
8027 196
8044 197
8061 198
8076 199
8096 200
481 1
1103 2
1266 3
1379 4
1544 5
1666 6
1739 7
1925 8
1949 9
2002 10
2143 11
2366 12
2445 13
2472 14
2543 15
2566 16
2588 17
2617 18
2701 19
2812 20
2867 21
2892 22
2987 23
3169 24
3203 25
3239 26
3267 27
3400 28
3437 29
3499 30
3540 31
3569 32
3640 33
3669 34
3705 35
3739 36
3813 37
3925 38
3951 39
3993 40
4018 41
4045 42
4095 43
4124 44
4175 45
4239 46
4364 47
4396 48
4438 49
4474 50
4499 51
4543 52
4573 53
4601 54
4628 55
4663 56
4725 57
4750 58
4805 59
4836 60
4877 61
4903 62
4949 63
4972 64
4993 65
5018 66
5060 67
5096 68
5143 69
5174 70
5206 71
5230 72
5263 73
5303 74
5358 75
5379 76
5406 77
5429 78
5458 79
5479 80
5530 81
5556 82
5584 83
5604 84
5640 85
5659 86
5687 87
5707 88
5727 89
5747 90
5772 91
5797 92
5818 93
5846 94
5867 95
5884 96
5904 97
5943 98
5971 99
5993 100
6011 101
6031 102
6060 103
6093 104
6121 105
6160 106
6179 107
6213 108
6248 109
6266 110
6291 111
6306 112
6322 113
6344 114
6363 115
6384 116
6401 117
6420 118
6440 119
6465 120
6508 121
6529 122
6550 123
6565 124
6592 125
6628 126
6643 127
6665 128
6693 129
6719 130
6746 131
6767 132
6786 133
6809 134
6833 135
6850 136
6870 137
6887 138
6908 139
6925 140
6946 141
6965 142
6985 143
7005 144
7020 145
7040 146
7056 147
7073 148
7090 149
7106 150
7127 151
7142 152
7161 153
7181 154
7196 155
7218 156
7235 157
7259 158
7274 159
7289 160
7304 161
7325 162
7342 163
7365 164
7381 165
7396 166
7411 167
7428 168
7443 169
7458 170
7475 171
7490 172
7506 173
7522 174
7548 175
7563 176
7584 177
7603 178
7622 179
7637 180
7652 181
7667 182
7686 183
7702 184
7720 185
7739 186
7754 187
7773 188
7802 189
7819 190
7836 191
7852 192
7869 193
7884 194
7899 195
7915 196
7934 197
7951 198
7966 199
7981 200
770 1
1157 2
1557 3
1623 4
1660 5
1713 6
1774 7
1855 8
1968 9
2028 10
2215 11
2246 12
2437 13
2478 14
2559 15
2599 16
2627 17
2662 18
2696 19
2748 20
2785 21
2923 22
2948 23
2976 24
3066 25
3195 26
3250 27
3323 28
3389 29
3472 30
3650 31
3673 32
3698 33
3783 34
3817 35
3847 36
3875 37
3947 38
3967 39
4012 40
4130 41
4166 42
4211 43
4240 44
4299 45
4326 46
4389 47
4420 48
4448 49
4491 50
4514 51
4551 52
4614 53
4640 54
4664 55
4686 56
4727 57
4803 58
4840 59
4867 60
4899 61
4933 62
4960 63
4991 64
5034 65
5075 66
5095 67
5133 68
5153 69
5181 70
5218 71
5250 72
5273 73
5294 74
5319 75
5354 76
5406 77
5445 78
5475 79
5512 80
5534 81
5555 82
5583 83
5607 84
5639 85
5661 86
5717 87
5742 88
5774 89
5827 90
5853 91
5874 92
5899 93
5923 94
5950 95
5973 96
6004 97
6025 98
6046 99
6065 100
6093 101
6111 102
6139 103
6160 104
6178 105
6195 106
6213 107
6235 108
6251 109
6273 110
6297 111
6312 112
6347 113
6372 114
6392 115
6425 116
6444 117
6468 118
6492 119
6509 120
6532 121
6547 122
6570 123
6595 124
6620 125
6644 126
6661 127
6686 128
6707 129
6738 130
6765 131
6789 132
6811 133
6836 134
6856 135
6875 136
6898 137
6915 138
6933 139
6953 140
6972 141
6992 142
7007 143
7029 144
7046 145
7068 146
7086 147
7105 148
7123 149
7142 150
7157 151
7178 152
7195 153
7214 154
7229 155
7244 156
7268 157
7284 158
7300 159
7319 160
7337 161
7352 162
7372 163
7388 164
7407 165
7422 166
7444 167
7461 168
7478 169
7494 170
7514 171
7529 172
7545 173
7578 174
7597 175
7617 176
7633 177
7649 178
7664 179
7684 180
7700 181
7722 182
7737 183
7752 184
7769 185
7789 186
7810 187
7825 188
7842 189
7859 190
7874 191
7894 192
7913 193
7929 194
7945 195
7960 196
7983 197
8010 198
8025 199
8041 200
453 1
831 2
1201 3
1484 4
1582 5
1668 6
1715 7
1775 8
1805 9
1924 10
2000 11
2080 12
2140 13
2200 14
2299 15
2328 16
2500 17
2624 18
2649 19
2673 20
2701 21
2724 22
2755 23
2810 24
2971 25
3054 26
3076 27
3146 28
3200 29
3228 30
3268 31
3298 32
3351 33
3415 34
3496 35
3616 36
3656 37
3677 38
3749 39
3769 40
3828 41
3943 42
4008 43
4031 44
4161 45
4187 46
4216 47
4245 48
4283 49
4350 50
4407 51
4429 52
4462 53
4537 54
4559 55
4582 56
4632 57
4675 58
4711 59
4754 60
4784 61
4807 62
4835 63
4866 64
4904 65
4925 66
4969 67
4995 68
5049 69
5077 70
5099 71
5136 72
5193 73
5235 74
5272 75
5298 76
5321 77
5345 78
5367 79
5396 80
5435 81
5464 82
5484 83
5505 84
5551 85
5580 86
5604 87
5669 88
5699 89
5738 90
5762 91
5791 92
5814 93
5838 94
5858 95
5876 96
5910 97
5934 98
5956 99
5994 100
6033 101
6054 102
6086 103
6109 104
6132 105
6153 106
6186 107
6202 108
6223 109
6247 110
6266 111
6291 112
6318 113
6344 114
6364 115
6389 116
6411 117
6431 118
6452 119
6488 120
6512 121
6537 122
6559 123
6576 124
6609 125
6625 126
6647 127
6665 128
6684 129
6707 130
6738 131
6774 132
6794 133
6814 134
6837 135
6852 136
6869 137
6884 138
6907 139
6922 140
6940 141
6960 142
6980 143
7001 144
7031 145
7051 146
7068 147
7085 148
7102 149
7117 150
7142 151
7157 152
7174 153
7193 154
7210 155
7240 156
7264 157
7280 158
7295 159
7325 160
7344 161
7361 162
7382 163
7398 164
7414 165
7436 166
7451 167
7466 168
7481 169
7498 170
7522 171
7540 172
7557 173
7573 174
7590 175
7607 176
7628 177
7643 178
7664 179
7686 180
7703 181
7721 182
7737 183
7752 184
7767 185
7794 186
7810 187
7825 188
7844 189
7868 190
7888 191
7912 192
7930 193
7945 194
7961 195
7976 196
7991 197
8008 198
8023 199
8054 200
367 1
1029 2
1358 3
1489 4
1530 5
1566 6
1647 7
1837 8
1946 9
1975 10
2082 11
2253 12
2282 13
2323 14
2392 15
2509 16
2548 17
2600 18
2630 19
2659 20
2768 21
2823 22
2896 23
2942 24
2971 25
2997 26
3023 27
3060 28
3259 29
3335 30
3365 31
3417 32
3483 33
3532 34
3660 35
3758 36
3783 37
3826 38
3864 39
3889 40
3915 41
3997 42
4124 43
4160 44
4202 45
4230 46
4275 47
4306 48
4348 49
4432 50
4472 51
4494 52
4518 53
4600 54
4621 55
4652 56
4675 57
4732 58
4763 59
4790 60
4856 61
4880 62
4906 63
4928 64
4946 65
4968 66
4993 67
5013 68
5037 69
5066 70
5106 71
5134 72
5164 73
5195 74
5215 75
5246 76
5266 77
5301 78
5329 79
5381 80
5416 81
5441 82
5469 83
5504 84
5532 85
5561 86
5585 87
5605 88
5630 89
5664 90
5693 91
5712 92
5761 93
5787 94
5819 95
5840 96
5873 97
5904 98
5926 99
5954 100
5970 101
5989 102
6020 103
6044 104
6069 105
6092 106
6121 107
6142 108
6158 109
6180 110
6200 111
6223 112
6249 113
6269 114
6295 115
6310 116
6333 117
6362 118
6382 119
6406 120
6430 121
6451 122
6490 123
6515 124
6545 125
6569 126
6585 127
6609 128
6639 129
6657 130
6685 131
6706 132
6729 133
6748 134
6765 135
6789 136
6804 137
6830 138
6845 139
6875 140
6893 141
6910 142
6931 143
6947 144
6963 145
6978 146
6993 147
7008 148
7027 149
7058 150
7075 151
7093 152
7112 153
7129 154
7147 155
7166 156
7182 157
7197 158
7219 159
7234 160
7251 161
7272 162
7303 163
7336 164
7368 165
7385 166
7414 167
7431 168
7450 169
7465 170
7485 171
7501 172
7516 173
7533 174
7552 175
7567 176
7584 177
7600 178
7616 179
7634 180
7651 181
7668 182
7685 183
7706 184
7731 185
7750 186
7767 187
7793 188
7808 189
7826 190
7842 191
7858 192
7874 193
7893 194
7910 195
7927 196
7943 197
7959 198
7977 199
7994 200
351 1
1195 2
1254 3
1466 4
1641 5
1689 6
1791 7
1858 8
2066 9
2104 10
2130 11
2187 12
2354 13
2377 14
2432 15
2487 16
2513 17
2536 18
2621 19
2704 20
2856 21
2888 22
2943 23
3016 24
3150 25
3186 26
3216 27
3261 28
3289 29
3361 30
3470 31
3549 32
3590 33
3621 34
3648 35
3742 36
3779 37
3806 38
3956 39
3979 40
4014 41
4046 42
4093 43
4176 44
4212 45
4240 46
4264 47
4344 48
4393 49
4458 50
4497 51
4559 52
4581 53
4607 54
4640 55
4674 56
4702 57
4724 58
4750 59
4780 60
4805 61
4830 62
4849 63
4924 64
4969 65
5021 66
5050 67
5081 68
5115 69
5149 70
5183 71
5216 72
5263 73
5283 74
5306 75
5338 76
5369 77
5393 78
5416 79
5443 80
5480 81
5502 82
5541 83
5583 84
5623 85
5639 86
5667 87
5693 88
5714 89
5744 90
5771 91
5806 92
5833 93
5864 94
5886 95
5908 96
5932 97
5960 98
5984 99
6008 100
6035 101
6059 102
6079 103
6101 104
6140 105
6167 106
6186 107
6213 108
6241 109
6263 110
6290 111
6311 112
6331 113
6358 114
6384 115
6404 116
6434 117
6454 118
6482 119
6509 120
6530 121
6556 122
6572 123
6597 124
6627 125
6644 126
6666 127
6687 128
6703 129
6720 130
6735 131
6754 132
6781 133
6798 134
6816 135
6847 136
6865 137
6881 138
6899 139
6928 140
6948 141
6970 142
6985 143
7009 144
7031 145
7046 146
7063 147
7081 148
7096 149
7114 150
7141 151
7156 152
7173 153
7191 154
7206 155
7223 156
7238 157
7259 158
7277 159
7294 160
7310 161
7326 162
7352 163
7369 164
7384 165
7402 166
7418 167
7437 168
7462 169
7491 170
7507 171
7525 172
7541 173
7557 174
7577 175
7592 176
7608 177
7627 178
7644 179
7660 180
7675 181
7691 182
7716 183
7743 184
7758 185
7777 186
7792 187
7818 188
7834 189
7849 190
7864 191
7884 192
7899 193
7917 194
7933 195
7956 196
7973 197
7990 198
8005 199
8021 200
382 1
1215 2
1335 3
1504 4
1658 5
1704 6
1859 7
1892 8
1964 9
2089 10
2118 11
2180 12
2289 13
2332 14
2392 15
2553 16
2638 17
2674 18
2704 19
2783 20
2887 21
2917 22
2950 23
3018 24
3125 25
3173 26
3199 27
3280 28
3306 29
3336 30
3373 31
3454 32
3496 33
3528 34
3561 35
3599 36
3681 37
3730 38
3802 39
3938 40
3987 41
4020 42
4052 43
4103 44
4185 45
4232 46
4284 47
4327 48
4381 49
4477 50
4543 51
4562 52
4600 53
4632 54
4675 55
4701 56
4731 57
4777 58
4821 59
4850 60
4875 61
4919 62
4946 63
5031 64
5058 65
5087 66
5116 67
5142 68
5191 69
5212 70
5240 71
5258 72
5317 73
5350 74
5380 75
5402 76
5433 77
5467 78
5489 79
5511 80
5531 81
5551 82
5576 83
5621 84
5648 85
5673 86
5696 87
5714 88
5745 89
5762 90
5787 91
5819 92
5868 93
5906 94
5935 95
5958 96
5980 97
6011 98
6032 99
6058 100
6084 101
6103 102
6123 103
6143 104
6162 105
6193 106
6231 107
6257 108
6277 109
6300 110
6318 111
6333 112
6361 113
6377 114
6414 115
6437 116
6464 117
6485 118
6502 119
6527 120
6546 121
6561 122
6599 123
6624 124
6653 125
6673 126
6696 127
6721 128
6744 129
6767 130
6782 131
6800 132
6824 133
6842 134
6860 135
6891 136
6917 137
6934 138
6955 139
6972 140
6989 141
7007 142
7024 143
7040 144
7059 145
7082 146
7099 147
7115 148
7134 149
7153 150
7176 151
7206 152
7221 153
7236 154
7253 155
7271 156
7292 157
7308 158
7324 159
7343 160
7359 161
7381 162
7396 163
7411 164
7428 165
7446 166
7461 167
7476 168
7492 169
7515 170
7532 171
7556 172
7571 173
7599 174
7617 175
7632 176
7647 177
7669 178
7684 179
7699 180
7714 181
7739 182
7754 183
7778 184
7801 185
7819 186
7836 187
7855 188
7871 189
7889 190
7904 191
7919 192
7934 193
7949 194
7964 195
7980 196
7997 197
8016 198
8041 199
8057 200
410 1
1075 2
1311 3
1472 4
1571 5
1612 6
1712 7
1790 8
1869 9
1960 10
2026 11
2121 12
2227 13
2262 14
2375 15
2420 16
2509 17
2572 18
2649 19
2743 20
2798 21
2851 22
2878 23
2975 24
3008 25
3036 26
3067 27
3118 28
3146 29
3212 30
3237 31
3286 32
3334 33
3486 34
3601 35
3630 36
3712 37
3740 38
3791 39
3813 40
3863 41
3886 42
3992 43
4026 44
4129 45
4169 46
4210 47
4285 48
4309 49
4351 50
4378 51
4452 52
4492 53
4521 54
4558 55
4591 56
4625 57
4666 58
4692 59
4712 60
4768 61
4804 62
4841 63
4909 64
4929 65
4952 66
4979 67
5011 68
5060 69
5083 70
5109 71
5138 72
5180 73
5210 74
5243 75
5275 76
5294 77
5336 78
5355 79
5394 80
5413 81
5443 82
5466 83
5486 84
5512 85
5543 86
5564 87
5624 88
5649 89
5669 90
5695 91
5715 92
5738 93
5774 94
5804 95
5847 96
5885 97
5906 98
5937 99
5960 100
5981 101
6014 102
6037 103
6065 104
6084 105
6103 106
6122 107
6141 108
6169 109
6189 110
6219 111
6235 112
6272 113
6293 114
6316 115
6337 116
6356 117
6377 118
6394 119
6421 120
6442 121
6466 122
6481 123
6504 124
6524 125
6546 126
6568 127
6592 128
6610 129
6639 130
6655 131
6676 132
6703 133
6718 134
6733 135
6760 136
6790 137
6807 138
6828 139
6844 140
6864 141
6886 142
6916 143
6938 144
6954 145
6980 146
6996 147
7011 148
7037 149
7054 150
7069 151
7088 152
7104 153
7123 154
7138 155
7156 156
7172 157
7187 158
7204 159
7234 160
7252 161
7276 162
7292 163
7312 164
7329 165
7352 166
7376 167
7392 168
7415 169
7438 170
7457 171
7472 172
7487 173
7507 174
7528 175
7545 176
7560 177
7577 178
7599 179
7620 180
7635 181
7655 182
7671 183
7690 184
7710 185
7734 186
7750 187
7777 188
7792 189
7815 190
7832 191
7847 192
7867 193
7882 194
7897 195
7915 196
7930 197
7947 198
7963 199
7982 200
388 1
648 2
875 3
1230 4
1410 5
1578 6
1677 7
1763 8
1978 9
2013 10
2107 11
2149 12
2176 13
2282 14
2420 15
2490 16
2578 17
2684 18
2712 19
2738 20
2765 21
2835 22
2886 23
2972 24
2994 25
3020 26
3114 27
3176 28
3227 29
3288 30
3316 31
3352 32
3429 33
3459 34
3637 35
3693 36
3868 37
3891 38
3916 39
3956 40
4002 41
4032 42
4082 43
4121 44
4202 45
4260 46
4290 47
4309 48
4455 49
4486 50
4511 51
4557 52
4583 53
4604 54
4634 55
4670 56
4695 57
4724 58
4748 59
4778 60
4815 61
4834 62
4857 63
4908 64
4942 65
5022 66
5053 67
5075 68
5120 69
5164 70
5205 71
5225 72
5243 73
5273 74
5299 75
5323 76
5350 77
5375 78
5401 79
5433 80
5463 81
5485 82
5534 83
5576 84
5598 85
5626 86
5658 87
5678 88
5715 89
5739 90
5766 91
5788 92
5807 93
5829 94
5859 95
5881 96
5906 97
5927 98
5956 99
5983 100
6029 101
6051 102
6071 103
6090 104
6121 105
6146 106
6169 107
6194 108
6217 109
6241 110
6260 111
6290 112
6319 113
6339 114
6359 115
6397 116
6416 117
6441 118
6476 119
6500 120
6532 121
6554 122
6571 123
6595 124
6613 125
6628 126
6648 127
6669 128
6685 129
6700 130
6718 131
6743 132
6765 133
6780 134
6800 135
6815 136
6833 137
6849 138
6866 139
6891 140
6909 141
6927 142
6951 143
6982 144
7002 145
7024 146
7039 147
7057 148
7073 149
7089 150
7106 151
7130 152
7148 153
7164 154
7184 155
7206 156
7231 157
7246 158
7276 159
7298 160
7314 161
7335 162
7356 163
7374 164
7391 165
7408 166
7430 167
7445 168
7462 169
7477 170
7505 171
7521 172
7539 173
7557 174
7579 175
7594 176
7609 177
7624 178
7641 179
7658 180
7676 181
7696 182
7712 183
7728 184
7756 185
7771 186
7788 187
7805 188
7826 189
7841 190
7856 191
7874 192
7890 193
7914 194
7932 195
7947 196
7968 197
7985 198
8003 199
8024 200
304 1
734 2
1174 3
1390 4
1488 5
1569 6
1639 7
1751 8
1886 9
1921 10
2038 11
2192 12
2250 13
2309 14
2422 15
2455 16
2523 17
2550 18
2575 19
2648 20
2752 21
2793 22
2864 23
2890 24
3017 25
3052 26
3077 27
3229 28
3299 29
3351 30
3391 31
3605 32
3647 33
3715 34
3783 35
3819 36
3849 37
3891 38
3926 39
3964 40
4029 41
4095 42
4177 43
4200 44
4261 45
4303 46
4326 47
4351 48
4371 49
4406 50
4455 51
4495 52
4545 53
4568 54
4628 55
4661 56
4739 57
4762 58
4788 59
4821 60
4852 61
4876 62
4919 63
4995 64
5016 65
5046 66
5080 67
5119 68
5138 69
5163 70
5198 71
5232 72
5262 73
5297 74
5317 75
5344 76
5367 77
5410 78
5436 79
5474 80
5516 81
5538 82
5560 83
5583 84
5615 85
5647 86
5663 87
5691 88
5715 89
5736 90
5759 91
5775 92
5832 93
5866 94
5901 95
5920 96
5951 97
5977 98
6002 99
6027 100
6047 101
6067 102
6091 103
6121 104
6142 105
6169 106
6200 107
6227 108
6244 109
6271 110
6304 111
6325 112
6345 113
6370 114
6415 115
6436 116
6458 117
6479 118
6499 119
6518 120
6538 121
6556 122
6575 123
6600 124
6620 125
6644 126
6668 127
6684 128
6703 129
6733 130
6758 131
6775 132
6792 133
6816 134
6832 135
6858 136
6883 137
6904 138
6923 139
6939 140
6954 141
6976 142
6992 143
7017 144
7036 145
7053 146
7078 147
7102 148
7120 149
7136 150
7151 151
7175 152
7192 153
7208 154
7228 155
7243 156
7258 157
7274 158
7292 159
7308 160
7323 161
7339 162
7361 163
7376 164
7407 165
7424 166
7439 167
7455 168
7474 169
7500 170
7515 171
7538 172
7553 173
7568 174
7585 175
7602 176
7617 177
7636 178
7654 179
7669 180
7686 181
7703 182
7720 183
7737 184
7761 185
7777 186
7792 187
7815 188
7831 189
7848 190
7863 191
7881 192
7899 193
7916 194
7941 195
7958 196
7975 197
7995 198
8021 199
8038 200
419 1
1347 2
1504 3
1552 4
1634 5
1772 6
1858 7
1911 8
1986 9
2063 10
2106 11
2210 12
2304 13
2409 14
2433 15
2510 16
2549 17
2572 18
2611 19
2696 20
2728 21
2790 22
2914 23
3036 24
3054 25
3081 26
3115 27
3218 28
3247 29
3355 30
3398 31
3497 32
3535 33
3583 34
3618 35
3658 36
3693 37
3734 38
3832 39
3891 40
3923 41
3983 42
4023 43
4051 44
4089 45
4177 46
4259 47
4305 48
4364 49
4454 50
4483 51
4512 52
4537 53
4562 54
4593 55
4619 56
4638 57
4703 58
4738 59
4761 60
4794 61
4819 62
4864 63
4889 64
4926 65
4951 66
4977 67
5020 68
5052 69
5089 70
5127 71
5157 72
5177 73
5197 74
5232 75
5276 76
5313 77
5367 78
5392 79
5432 80
5452 81
5474 82
5509 83
5532 84
5572 85
5593 86
5623 87
5649 88
5667 89
5692 90
5734 91
5769 92
5792 93
5815 94
5844 95
5866 96
5884 97
5899 98
5922 99
5963 100
6001 101
6021 102
6047 103
6068 104
6087 105
6107 106
6124 107
6149 108
6180 109
6201 110
6220 111
6237 112
6256 113
6281 114
6308 115
6325 116
6348 117
6370 118
6399 119
6434 120
6451 121
6471 122
6496 123
6516 124
6549 125
6585 126
6616 127
6645 128
6663 129
6692 130
6719 131
6739 132
6769 133
6784 134
6813 135
6835 136
6862 137
6879 138
6901 139
6916 140
6939 141
6956 142
6975 143
6992 144
7010 145
7034 146
7058 147
7075 148
7091 149
7108 150
7131 151
7147 152
7165 153
7191 154
7213 155
7228 156
7243 157
7261 158
7277 159
7294 160
7309 161
7324 162
7339 163
7355 164
7373 165
7388 166
7413 167
7429 168
7448 169
7465 170
7480 171
7497 172
7518 173
7533 174
7548 175
7566 176
7581 177
7601 178
7617 179
7641 180
7656 181
7676 182
7693 183
7714 184
7732 185
7760 186
7780 187
7796 188
7811 189
7826 190
7844 191
7859 192
7875 193
7891 194
7909 195
7926 196
7941 197
7957 198
7972 199
7987 200
392 1
1137 2
1419 3
1533 4
1589 5
1712 6
1832 7
1872 8
1920 9
1983 10
2036 11
2107 12
2158 13
2203 14
2388 15
2420 16
2530 17
2568 18
2596 19
2668 20
2773 21
2824 22
2877 23
2959 24
3047 25
3094 26
3166 27
3204 28
3228 29
3265 30
3347 31
3383 32
3422 33
3464 34
3578 35
3649 36
3738 37
3789 38
3814 39
3929 40
3965 41
3993 42
4059 43
4088 44
4173 45
4215 46
4236 47
4287 48
4327 49
4417 50
4451 51
4481 52
4544 53
4611 54
4650 55
4675 56
4711 57
4743 58
4764 59
4788 60
4816 61
4843 62
4872 63
4930 64
4990 65
5025 66
5051 67
5075 68
5106 69
5134 70
5153 71
5179 72
5213 73
5248 74
5281 75
5303 76
5338 77
5361 78
5381 79
5418 80
5441 81
5462 82
5506 83
5534 84
5576 85
5600 86
5626 87
5653 88
5673 89
5691 90
5728 91
5760 92
5789 93
5812 94
5842 95
5866 96
5897 97
5920 98
5945 99
5968 100
5987 101
6016 102
6049 103
6071 104
6098 105
6131 106
6155 107
6171 108
6198 109
6233 110
6249 111
6276 112
6307 113
6332 114
6348 115
6375 116
6390 117
6411 118
6428 119
6449 120
6473 121
6494 122
6512 123
6538 124
6556 125
6573 126
6590 127
6612 128
6630 129
6650 130
6668 131
6684 132
6704 133
6721 134
6739 135
6769 136
6786 137
6808 138
6835 139
6853 140
6873 141
6890 142
6909 143
6932 144
6951 145
6971 146
6992 147
7009 148
7036 149
7053 150
7076 151
7093 152
7111 153
7127 154
7142 155
7158 156
7177 157
7192 158
7208 159
7223 160
7238 161
7253 162
7268 163
7284 164
7308 165
7324 166
7346 167
7362 168
7383 169
7403 170
7420 171
7441 172
7456 173
7474 174
7489 175
7522 176
7543 177
7558 178
7574 179
7589 180
7607 181
7622 182
7637 183
7653 184
7673 185
7689 186
7706 187
7722 188
7743 189
7765 190
7783 191
7800 192
7815 193
7833 194
7849 195
7865 196
7885 197
7902 198
7918 199
7933 200
397 1
1102 2
1389 3
1541 4
1586 5
1788 6
1879 7
1905 8
2013 9
2053 10
2099 11
2235 12
2270 13
2351 14
2440 15
2545 16
2588 17
2632 18
2682 19
2713 20
2748 21
2898 22
2976 23
3039 24
3072 25
3101 26
3141 27
3245 28
3356 29
3383 30
3417 31
3478 32
3645 33
3668 34
3694 35
3745 36
3917 37
3948 38
3968 39
3994 40
4045 41
4076 42
4104 43
4130 44
4233 45
4265 46
4301 47
4352 48
4392 49
4417 50
4466 51
4496 52
4526 53
4604 54
4650 55
4705 56
4735 57
4756 58
4826 59
4847 60
4881 61
4923 62
4976 63
5037 64
5064 65
5087 66
5113 67
5151 68
5183 69
5205 70
5239 71
5260 72
5307 73
5358 74
5377 75
5398 76
5425 77
5453 78
5471 79
5535 80
5566 81
5593 82
5613 83
5633 84
5656 85
5678 86
5699 87
5738 88
5769 89
5806 90
5825 91
5847 92
5869 93
5891 94
5912 95
5941 96
5963 97
5996 98
6017 99
6044 100
6083 101
6119 102
6138 103
6158 104
6180 105
6196 106
6226 107
6267 108
6288 109
6308 110
6331 111
6351 112
6376 113
6392 114
6409 115
6431 116
6453 117
6473 118
6489 119
6517 120
6540 121
6568 122
6583 123
6609 124
6625 125
6644 126
6666 127
6681 128
6700 129
6718 130
6742 131
6765 132
6782 133
6809 134
6834 135
6862 136
6879 137
6894 138
6918 139
6946 140
6965 141
6983 142
6998 143
7019 144
7035 145
7059 146
7079 147
7096 148
7115 149
7130 150
7146 151
7167 152
7183 153
7198 154
7213 155
7230 156
7246 157
7263 158
7278 159
7293 160
7316 161
7337 162
7353 163
7368 164
7385 165
7400 166
7415 167
7438 168
7462 169
7477 170
7496 171
7512 172
7527 173
7550 174
7565 175
7584 176
7602 177
7620 178
7637 179
7652 180
7668 181
7684 182
7704 183
7726 184
7746 185
7762 186
7778 187
7795 188
7811 189
7840 190
7855 191
7871 192
7886 193
7901 194
7919 195
7936 196
7966 197
7982 198
7999 199
8014 200
360 1
700 2
1221 3
1360 4
1566 5
1621 6
1689 7
1848 8
1890 9
1941 10
2043 11
2131 12
2221 13
2251 14
2357 15
2411 16
2476 17
2519 18
2548 19
2580 20
2712 21
2770 22
2941 23
3014 24
3086 25
3207 26
3253 27
3275 28
3299 29
3356 30
3389 31
3422 32
3482 33
3550 34
3659 35
3682 36
3706 37
3760 38
3788 39
3900 40
3923 41
4003 42
4052 43
4076 44
4109 45
4139 46
4289 47
4312 48
4337 49
4385 50
4413 51
4451 52
4501 53
4563 54
4591 55
4613 56
4675 57
4696 58
4749 59
4770 60
4817 61
4843 62
4887 63
4925 64
4952 65
4975 66
4995 67
5019 68
5038 69
5064 70
5092 71
5133 72
5185 73
5216 74
5247 75
5273 76
5307 77
5329 78
5367 79
5394 80
5434 81
5458 82
5483 83
5513 84
5551 85
5575 86
5601 87
5624 88
5647 89
5677 90
5719 91
5740 92
5760 93
5794 94
5813 95
5834 96
5867 97
5896 98
5927 99
5949 100
5982 101
6005 102
6038 103
6059 104
6093 105
6118 106
6153 107
6175 108
6198 109
6226 110
6249 111
6266 112
6287 113
6304 114
6329 115
6347 116
6378 117
6395 118
6415 119
6433 120
6451 121
6472 122
6488 123
6509 124
6532 125
6547 126
6566 127
6591 128
6607 129
6637 130
6662 131
6679 132
6704 133
6726 134
6758 135
6773 136
6793 137
6810 138
6827 139
6843 140
6861 141
6882 142
6897 143
6919 144
6934 145
6952 146
6976 147
6991 148
7006 149
7025 150
7041 151
7056 152
7083 153
7098 154
7118 155
7134 156
7149 157
7175 158
7190 159
7205 160
7221 161
7237 162
7255 163
7272 164
7290 165
7306 166
7321 167
7336 168
7352 169
7367 170
7382 171
7400 172
7417 173
7434 174
7452 175
7470 176
7491 177
7525 178
7544 179
7571 180
7589 181
7608 182
7626 183
7646 184
7662 185
7679 186
7708 187
7728 188
7746 189
7762 190
7780 191
7800 192
7815 193
7834 194
7855 195
7872 196
7890 197
7909 198
7934 199
7950 200
370 1
1058 2
1221 3
1414 4
1518 5
1607 6
1653 7
1906 8
1957 9
2005 10
2042 11
2076 12
2214 13
2367 14
2429 15
2485 16
2549 17
2629 18
2806 19
2893 20
2929 21
2962 22
3019 23
3040 24
3073 25
3103 26
3187 27
3258 28
3370 29
3412 30
3440 31
3500 32
3533 33
3560 34
3636 35
3659 36
3684 37
3712 38
3777 39
3815 40
3878 41
3969 42
3997 43
4055 44
4083 45
4196 46
4267 47
4293 48
4391 49
4410 50
4440 51
4463 52
4496 53
4528 54
4578 55
4602 56
4622 57
4645 58
4700 59
4741 60
4768 61
4807 62
4832 63
4863 64
4893 65
4927 66
4950 67
5006 68
5029 69
5074 70
5105 71
5129 72
5162 73
5199 74
5226 75
5257 76
5281 77
5304 78
5330 79
5371 80
5390 81
5418 82
5455 83
5506 84
5528 85
5552 86
5578 87
5599 88
5618 89
5646 90
5679 91
5701 92
5734 93
5762 94
5781 95
5804 96
5837 97
5870 98
5891 99
5911 100
5931 101
5954 102
5988 103
6034 104
6052 105
6069 106
6092 107
6115 108
6150 109
6169 110
6194 111
6216 112
6234 113
6271 114
6292 115
6310 116
6348 117
6371 118
6388 119
6412 120
6445 121
6470 122
6485 123
6520 124
6539 125
6558 126
6574 127
6596 128
6622 129
6641 130
6662 131
6685 132
6707 133
6722 134
6743 135
6764 136
6787 137
6804 138
6825 139
6841 140
6860 141
6877 142
6894 143
6910 144
6940 145
6958 146
6978 147
6995 148
7015 149
7030 150
7047 151
7062 152
7081 153
7097 154
7117 155
7144 156
7164 157
7182 158
7200 159
7216 160
7231 161
7255 162
7270 163
7286 164
7301 165
7322 166
7349 167
7367 168
7387 169
7411 170
7427 171
7453 172
7475 173
7499 174
7514 175
7530 176
7546 177
7570 178
7591 179
7609 180
7625 181
7640 182
7663 183
7678 184
7694 185
7710 186
7729 187
7751 188
7766 189
7784 190
7800 191
7820 192
7835 193
7850 194
7865 195
7880 196
7895 197
7915 198
7937 199
7955 200
392 1
1097 2
1175 3
1299 4
1525 5
1728 6
1749 7
1849 8
1937 9
2036 10
2101 11
2132 12
2206 13
2238 14
2440 15
2460 16
2585 17
2624 18
2694 19
2809 20
2923 21
2993 22
3028 23
3104 24
3126 25
3171 26
3201 27
3230 28
3268 29
3297 30
3324 31
3441 32
3476 33
3567 34
3601 35
3730 36
3811 37
3846 38
3890 39
3921 40
3948 41
4017 42
4039 43
4066 44
4098 45
4180 46
4206 47
4228 48
4283 49
4312 50
4333 51
4509 52
4546 53
4604 54
4633 55
4670 56
4704 57
4739 58
4780 59
4845 60
4865 61
4893 62
4921 63
4940 64
5020 65
5050 66
5078 67
5110 68
5146 69
5169 70
5200 71
5224 72
5249 73
5275 74
5301 75
5324 76
5352 77
5388 78
5419 79
5453 80
5511 81
5533 82
5553 83
5582 84
5607 85
5633 86
5662 87
5680 88
5705 89
5725 90
5773 91
5806 92
5837 93
5857 94
5880 95
5911 96
5935 97
5959 98
5989 99
6013 100
6039 101
6066 102
6099 103
6120 104
6137 105
6172 106
6193 107
6242 108
6259 109
6292 110
6323 111
6340 112
6360 113
6385 114
6404 115
6423 116
6442 117
6459 118
6485 119
6514 120
6534 121
6554 122
6576 123
6592 124
6614 125
6638 126
6657 127
6676 128
6698 129
6723 130
6742 131
6760 132
6775 133
6793 134
6809 135
6835 136
6854 137
6871 138
6891 139
6910 140
6927 141
6949 142
6970 143
6996 144
7012 145
7029 146
7044 147
7061 148
7079 149
7097 150
7118 151
7136 152
7152 153
7169 154
7188 155
7204 156
7219 157
7236 158
7252 159
7270 160
7285 161
7300 162
7315 163
7334 164
7351 165
7368 166
7391 167
7407 168
7433 169
7451 170
7467 171
7483 172
7498 173
7514 174
7529 175
7544 176
7565 177
7581 178
7596 179
7618 180
7635 181
7650 182
7671 183
7691 184
7718 185
7737 186
7759 187
7778 188
7795 189
7819 190
7835 191
7852 192
7868 193
7884 194
7901 195
7919 196
7934 197
7955 198
7970 199
7985 200
493 1
1135 2
1217 3
1312 4
1679 5
1719 6
1835 7
1856 8
1950 9
2034 10
2114 11
2149 12
2176 13
2286 14
2358 15
2448 16
2470 17
2519 18
2578 19
2662 20
2689 21
2783 22
2896 23
2939 24
3013 25
3060 26
3225 27
3254 28
3288 29
3325 30
3366 31
3402 32
3435 33
3571 34
3614 35
3704 36
3731 37
3829 38
3866 39
3889 40
3917 41
4019 42
4052 43
4084 44
4127 45
4147 46
4243 47
4298 48
4336 49
4360 50
4403 51
4453 52
4503 53
4561 54
4595 55
4617 56
4648 57
4670 58
4695 59
4720 60
4749 61
4783 62
4862 63
4885 64
4916 65
4947 66
4982 67
5032 68
5069 69
5091 70
5115 71
5162 72
5185 73
5213 74
5254 75
5281 76
5309 77
5370 78
5395 79
5419 80
5445 81
5483 82
5525 83
5549 84
5567 85
5593 86
5636 87
5658 88
5675 89
5698 90
5732 91
5755 92
5782 93
5808 94
5835 95
5854 96
5874 97
5892 98
5917 99
5942 100
5976 101
5997 102
6036 103
6065 104
6086 105
6115 106
6143 107
6158 108
6176 109
6192 110
6223 111
6246 112
6262 113
6278 114
6308 115
6326 116
6351 117
6391 118
6416 119
6443 120
6461 121
6476 122
6497 123
6514 124
6538 125
6560 126
6577 127
6603 128
6625 129
6641 130
6670 131
6700 132
6719 133
6740 134
6765 135
6789 136
6810 137
6830 138
6848 139
6864 140
6880 141
6898 142
6918 143
6935 144
6952 145
6979 146
6996 147
7014 148
7029 149
7050 150
7068 151
7085 152
7108 153
7125 154
7143 155
7158 156
7173 157
7190 158
7205 159
7220 160
7245 161
7260 162
7296 163
7315 164
7331 165
7347 166
7368 167
7389 168
7409 169
7429 170
7444 171
7460 172
7475 173
7492 174
7515 175
7530 176
7546 177
7561 178
7578 179
7608 180
7623 181
7638 182
7655 183
7670 184
7688 185
7703 186
7720 187
7736 188
7753 189
7768 190
7783 191
7799 192
7815 193
7832 194
7849 195
7869 196
7884 197
7899 198
7925 199
7948 200
294 1
1010 2
1367 3
1492 4
1758 5
1837 6
1894 7
1939 8
1977 9
2005 10
2032 11
2125 12
2169 13
2212 14
2353 15
2420 16
2443 17
2593 18
2670 19
2693 20
2805 21
2883 22
2931 23
2988 24
3060 25
3180 26
3207 27
3237 28
3273 29
3446 30
3487 31
3518 32
3561 33
3585 34
3618 35
3666 36
3715 37
3822 38
3895 39
3932 40
3988 41
4089 42
4128 43
4191 44
4216 45
4266 46
4300 47
4330 48
4365 49
4460 50
4488 51
4541 52
4564 53
4602 54
4621 55
4644 56
4686 57
4727 58
4773 59
4838 60
4859 61
4882 62
4901 63
4929 64
4951 65
4995 66
5040 67
5077 68
5097 69
5123 70
5157 71
5188 72
5226 73
5257 74
5292 75
5325 76
5356 77
5377 78
5412 79
5439 80
5465 81
5489 82
5506 83
5543 84
5578 85
5601 86
5629 87
5666 88
5684 89
5711 90
5750 91
5778 92
5813 93
5838 94
5866 95
5892 96
5915 97
5937 98
5961 99
5995 100
6014 101
6040 102
6066 103
6087 104
6112 105
6132 106
6153 107
6176 108
6197 109
6226 110
6247 111
6277 112
6299 113
6315 114
6342 115
6368 116
6387 117
6405 118
6426 119
6450 120
6487 121
6504 122
6530 123
6548 124
6566 125
6595 126
6612 127
6642 128
6660 129
6680 130
6702 131
6722 132
6760 133
6783 134
6802 135
6820 136
6839 137
6859 138
6878 139
6898 140
6914 141
6941 142
6961 143
6977 144
6992 145
7023 146
7038 147
7053 148
7072 149
7093 150
7113 151
7128 152
7145 153
7165 154
7182 155
7197 156
7213 157
7230 158
7247 159
7267 160
7282 161
7303 162
7319 163
7334 164
7349 165
7366 166
7382 167
7407 168
7422 169
7443 170
7460 171
7475 172
7490 173
7511 174
7526 175
7554 176
7570 177
7592 178
7613 179
7630 180
7646 181
7662 182
7677 183
7701 184
7720 185
7739 186
7754 187
7771 188
7786 189
7807 190
7826 191
7843 192
7860 193
7877 194
7904 195
7923 196
7938 197
7955 198
7971 199
7986 200
374 1
1161 2
1380 3
1468 4
1547 5
1637 6
1747 7
1847 8
2029 9
2061 10
2099 11
2211 12
2301 13
2358 14
2386 15
2410 16
2557 17
2645 18
2728 19
2755 20
2801 21
2864 22
2900 23
2953 24
2994 25
3066 26
3111 27
3139 28
3171 29
3203 30
3336 31
3373 32
3427 33
3470 34
3516 35
3683 36
3724 37
3793 38
3837 39
3875 40
3907 41
4005 42
4039 43
4066 44
4135 45
4166 46
4213 47
4243 48
4265 49
4321 50
4364 51
4389 52
4414 53
4467 54
4507 55
4558 56
4649 57
4671 58
4718 59
4773 60
4830 61
4862 62
4892 63
4920 64
4942 65
4965 66
4994 67
5020 68
5062 69
5091 70
5120 71
5156 72
5192 73
5210 74
5262 75
5302 76
5336 77
5365 78
5392 79
5416 80
5440 81
5475 82
5500 83
5529 84
5560 85
5579 86
5598 87
5629 88
5658 89
5680 90
5712 91
5731 92
5754 93
5797 94
5823 95
5847 96
5882 97
5907 98
5931 99
5953 100
5980 101
6011 102
6039 103
6060 104
6079 105
6124 106
6155 107
6176 108
6209 109
6229 110
6251 111
6273 112
6295 113
6323 114
6347 115
6364 116
6385 117
6412 118
6438 119
6463 120
6484 121
6503 122
6527 123
6542 124
6567 125
6594 126
6614 127
6650 128
6667 129
6688 130
6709 131
6731 132
6761 133
6776 134
6796 135
6815 136
6838 137
6855 138
6877 139
6896 140
6934 141
6983 142
7001 143
7021 144
7042 145
7058 146
7076 147
7103 148
7119 149
7137 150
7153 151
7169 152
7191 153
7207 154
7226 155
7252 156
7274 157
7290 158
7307 159
7326 160
7341 161
7357 162
7372 163
7391 164
7406 165
7422 166
7437 167
7458 168
7473 169
7492 170
7508 171
7523 172
7547 173
7563 174
7585 175
7602 176
7625 177
7641 178
7660 179
7675 180
7690 181
7706 182
7722 183
7741 184
7756 185
7771 186
7789 187
7806 188
7824 189
7842 190
7857 191
7872 192
7890 193
7905 194
7927 195
7945 196
7960 197
7977 198
7993 199
8009 200
263 1
1130 2
1223 3
1506 4
1581 5
1804 6
1855 7
1913 8
1992 9
2021 10
2093 11
2305 12
2332 13
2367 14
2453 15
2476 16
2549 17
2748 18
2768 19
2828 20
2858 21
2881 22
2938 23
2966 24
3007 25
3028 26
3284 27
3326 28
3380 29
3406 30
3453 31
3485 32
3533 33
3558 34
3620 35
3777 36
3805 37
3835 38
3868 39
3892 40
4085 41
4117 42
4180 43
4288 44
4325 45
4352 46
4386 47
4422 48
4463 49
4484 50
4508 51
4559 52
4587 53
4616 54
4646 55
4676 56
4748 57
4817 58
4852 59
4885 60
4916 61
4939 62
4975 63
5009 64
5039 65
5061 66
5082 67
5106 68
5143 69
5173 70
5200 71
5224 72
5256 73
5288 74
5320 75
5363 76
5389 77
5432 78
5450 79
5474 80
5494 81
5524 82
5551 83
5570 84
5594 85
5615 86
5649 87
5688 88
5711 89
5745 90
5770 91
5809 92
5840 93
5867 94
5896 95
5916 96
5937 97
5979 98
5994 99
6021 100
6052 101
6073 102
6096 103
6125 104
6155 105
6179 106
6212 107
6230 108
6246 109
6268 110
6286 111
6320 112
6339 113
6364 114
6392 115
6412 116
6435 117
6454 118
6469 119
6491 120
6507 121
6523 122
6544 123
6572 124
6590 125
6611 126
6649 127
6665 128
6689 129
6721 130
6740 131
6767 132
6788 133
6813 134
6836 135
6853 136
6868 137
6886 138
6904 139
6936 140
6953 141
6969 142
6986 143
7014 144
7030 145
7049 146
7064 147
7081 148
7103 149
7118 150
7135 151
7153 152
7183 153
7200 154
7216 155
7231 156
7248 157
7272 158
7293 159
7308 160
7324 161
7351 162
7375 163
7391 164
7412 165
7429 166
7446 167
7462 168
7477 169
7494 170
7509 171
7531 172
7549 173
7569 174
7584 175
7599 176
7615 177
7632 178
7660 179
7676 180
7691 181
7708 182
7727 183
7762 184
7786 185
7805 186
7826 187
7841 188
7859 189
7874 190
7892 191
7909 192
7926 193
7942 194
7960 195
7975 196
7992 197
8007 198
8027 199
8044 200
398 1
1082 2
1353 3
1526 4
1629 5
1669 6
1739 7
1796 8
1884 9
2005 10
2134 11
2158 12
2248 13
2298 14
2484 15
2558 16
2578 17
2603 18
2693 19
2784 20
2819 21
2861 22
2930 23
2962 24
3006 25
3179 26
3204 27
3258 28
3294 29
3388 30
3435 31
3508 32
3544 33
3700 34
3745 35
3783 36
3817 37
3839 38
3879 39
3902 40
3934 41
3988 42
4019 43
4061 44
4093 45
4170 46
4214 47
4237 48
4268 49
4358 50
4396 51
4425 52
4457 53
4483 54
4513 55
4580 56
4635 57
4672 58
4697 59
4726 60
4747 61
4773 62
4817 63
4857 64
4890 65
4916 66
4941 67
4974 68
5011 69
5063 70
5091 71
5130 72
5171 73
5194 74
5217 75
5254 76
5280 77
5326 78
5344 79
5375 80
5397 81
5417 82
5465 83
5483 84
5502 85
5530 86
5571 87
5602 88
5632 89
5659 90
5681 91
5712 92
5737 93
5757 94
5780 95
5800 96
5816 97
5847 98
5878 99
5896 100
5917 101
5943 102
5963 103
5998 104
6020 105
6070 106
6091 107
6121 108
6138 109
6159 110
6197 111
6216 112
6239 113
6264 114
6284 115
6306 116
6323 117
6345 118
6368 119
6383 120
6414 121
6441 122
6458 123
6474 124
6493 125
6533 126
6549 127
6577 128
6604 129
6619 130
6646 131
6666 132
6681 133
6701 134
6718 135
6740 136
6755 137
6772 138
6793 139
6810 140
6828 141
6844 142
6866 143
6883 144
6902 145
6918 146
6933 147
6951 148
6983 149
7000 150
7025 151
7040 152
7055 153
7070 154
7085 155
7122 156
7137 157
7152 158
7169 159
7184 160
7206 161
7221 162
7240 163
7264 164
7280 165
7296 166
7311 167
7326 168
7341 169
7357 170
7373 171
7392 172
7408 173
7423 174
7439 175
7455 176
7476 177
7493 178
7508 179
7523 180
7541 181
7558 182
7578 183
7598 184
7618 185
7641 186
7656 187
7677 188
7693 189
7709 190
7724 191
7747 192
7765 193
7780 194
7795 195
7814 196
7832 197
7847 198
7862 199
7889 200
525 1
1086 2
1338 3
1465 4
1724 5
1833 6
1908 7
1951 8
1986 9
2150 10
2208 11
2293 12
2376 13
2469 14
2528 15
2559 16
2631 17
2762 18
2799 19
2828 20
2887 21
2982 22
3033 23
3104 24
3203 25
3244 26
3285 27
3425 28
3475 29
3562 30
3668 31
3693 32
3722 33
3816 34
3854 35
3885 36
3913 37
3965 38
3992 39
4023 40
4090 41
4175 42
4208 43
4230 44
4294 45
4329 46
4353 47
4383 48
4471 49
4518 50
4563 51
4590 52
4622 53
4664 54
4694 55
4749 56
4796 57
4824 58
4859 59
4882 60
4947 61
4980 62
5010 63
5035 64
5062 65
5084 66
5160 67
5200 68
5231 69
5254 70
5277 71
5302 72
5342 73
5393 74
5421 75
5438 76
5462 77
5492 78
5518 79
5540 80
5589 81
5621 82
5660 83
5683 84
5717 85
5737 86
5773 87
5797 88
5818 89
5845 90
5877 91
5899 92
5923 93
5956 94
5992 95
6015 96
6039 97
6083 98
6107 99
6145 100
6165 101
6187 102
6220 103
6247 104
6264 105
6280 106
6303 107
6323 108
6345 109
6366 110
6382 111
6406 112
6425 113
6453 114
6468 115
6488 116
6505 117
6534 118
6558 119
6576 120
6599 121
6617 122
6633 123
6649 124
6671 125
6702 126
6727 127
6745 128
6763 129
6780 130
6803 131
6832 132
6851 133
6870 134
6894 135
6914 136
6937 137
6952 138
6968 139
6986 140
7001 141
7016 142
7032 143
7047 144
7062 145
7081 146
7099 147
7130 148
7147 149
7167 150
7183 151
7200 152
7218 153
7233 154
7254 155
7269 156
7289 157
7304 158
7321 159
7336 160
7352 161
7368 162
7397 163
7412 164
7429 165
7446 166
7463 167
7481 168
7500 169
7517 170
7547 171
7573 172
7596 173
7611 174
7629 175
7644 176
7662 177
7679 178
7696 179
7715 180
7738 181
7753 182
7768 183
7783 184
7798 185
7816 186
7834 187
7849 188
7870 189
7892 190
7908 191
7923 192
7944 193
7959 194
7980 195
7996 196
8012 197
8028 198
8043 199
8063 200
455 1
849 2
1303 3
1453 4
1607 5
1650 6
1755 7
1847 8
1970 9
2031 10
2131 11
2197 12
2250 13
2438 14
2543 15
2567 16
2606 17
2644 18
2743 19
2842 20
2918 21
3007 22
3058 23
3094 24
3130 25
3179 26
3208 27
3232 28
3269 29
3292 30
3329 31
3491 32
3608 33
3685 34
3749 35
3789 36
3824 37
3849 38
3899 39
3938 40
4092 41
4113 42
4147 43
4177 44
4203 45
4227 46
4264 47
4384 48
4421 49
4486 50
4516 51
4539 52
4579 53
4611 54
4633 55
4674 56
4711 57
4736 58
4768 59
4810 60
4851 61
4882 62
4911 63
4961 64
4996 65
5020 66
5076 67
5097 68
5118 69
5149 70
5203 71
5234 72
5277 73
5306 74
5330 75
5365 76
5386 77
5417 78
5434 79
5479 80
5503 81
5550 82
5581 83
5614 84
5640 85
5659 86
5688 87
5709 88
5733 89
5757 90
5778 91
5802 92
5856 93
5880 94
5918 95
5939 96
5960 97
5987 98
6009 99
6032 100
6062 101
6082 102
6104 103
6129 104
6160 105
6183 106
6213 107
6233 108
6256 109
6290 110
6315 111
6338 112
6368 113
6387 114
6406 115
6426 116
6446 117
6461 118
6501 119
6532 120
6555 121
6570 122
6590 123
6611 124
6628 125
6653 126
6668 127
6686 128
6702 129
6720 130
6743 131
6769 132
6795 133
6812 134
6835 135
6850 136
6867 137
6888 138
6906 139
6930 140
6951 141
6968 142
6983 143
7003 144
7038 145
7059 146
7075 147
7094 148
7117 149
7135 150
7150 151
7167 152
7183 153
7202 154
7218 155
7235 156
7251 157
7270 158
7287 159
7302 160
7320 161
7338 162
7353 163
7371 164
7387 165
7403 166
7420 167
7436 168
7454 169
7476 170
7493 171
7508 172
7528 173
7546 174
7564 175
7589 176
7604 177
7625 178
7651 179
7668 180
7683 181
7698 182
7713 183
7728 184
7745 185
7763 186
7778 187
7793 188
7808 189
7830 190
7848 191
7865 192
7886 193
7902 194
7921 195
7937 196
7952 197
7967 198
7983 199
7998 200
369 1
1127 2
1323 3
1501 4
1543 5
1571 6
1754 7
1853 8
1944 9
1987 10
2114 11
2204 12
2308 13
2333 14
2354 15
2389 16
2486 17
2605 18
2711 19
2735 20
2772 21
2804 22
2850 23
2899 24
2986 25
3013 26
3041 27
3080 28
3209 29
3247 30
3425 31
3460 32
3498 33
3530 34
3576 35
3617 36
3689 37
3721 38
3743 39
3864 40
3984 41
4010 42
4071 43
4128 44
4155 45
4180 46
4221 47
4248 48
4289 49
4311 50
4388 51
4419 52
4469 53
4491 54
4531 55
4565 56
4612 57
4667 58
4711 59
4794 60
4816 61
4858 62
4888 63
4916 64
4951 65
5009 66
5031 67
5071 68
5119 69
5145 70
5171 71
5205 72
5228 73
5252 74
5278 75
5338 76
5364 77
5392 78
5419 79
5458 80
5488 81
5510 82
5544 83
5570 84
5600 85
5618 86
5652 87
5677 88
5698 89
5722 90
5752 91
5773 92
5809 93
5838 94
5894 95
5921 96
5944 97
5977 98
5994 99
6019 100
6048 101
6070 102
6091 103
6124 104
6147 105
6179 106
6199 107
6227 108
6247 109
6266 110
6288 111
6310 112
6334 113
6355 114
6380 115
6416 116
6434 117
6458 118
6481 119
6500 120
6528 121
6554 122
6575 123
6598 124
6617 125
6641 126
6664 127
6685 128
6700 129
6722 130
6754 131
6769 132
6790 133
6816 134
6835 135
6850 136
6872 137
6887 138
6902 139
6924 140
6939 141
6970 142
6986 143
7006 144
7026 145
7047 146
7071 147
7094 148
7125 149
7152 150
7182 151
7197 152
7214 153
7230 154
7248 155
7266 156
7283 157
7302 158
7319 159
7336 160
7353 161
7372 162
7397 163
7412 164
7427 165
7444 166
7459 167
7480 168
7503 169
7524 170
7541 171
7568 172
7586 173
7615 174
7640 175
7659 176
7675 177
7694 178
7710 179
7725 180
7742 181
7767 182
7782 183
7805 184
7820 185
7840 186
7861 187
7876 188
7891 189
7906 190
7921 191
7937 192
7952 193
7968 194
7986 195
8003 196
8028 197
8045 198
8060 199
8075 200
369 1
1108 2
1432 3
1532 4
1665 5
1702 6
1752 7
1806 8
1841 9
1980 10
2039 11
2102 12
2154 13
2211 14
2287 15
2411 16
2501 17
2615 18
2656 19
2691 20
2814 21
2860 22
2966 23
3015 24
3057 25
3094 26
3143 27
3219 28
3263 29
3292 30
3365 31
3403 32
3436 33
3484 34
3507 35
3651 36
3683 37
3720 38
3750 39
3865 40
3900 41
3934 42
3999 43
4034 44
4068 45
4103 46
4153 47
4220 48
4245 49
4287 50
4343 51
4366 52
4397 53
4448 54
4507 55
4578 56
4605 57
4634 58
4661 59
4692 60
4724 61
4746 62
4772 63
4792 64
4826 65
4845 66
4916 67
4953 68
4977 69
5039 70
5075 71
5097 72
5126 73
5163 74
5187 75
5211 76
5234 77
5270 78
5307 79
5344 80
5367 81
5392 82
5414 83
5452 84
5474 85
5504 86
5530 87
5573 88
5604 89
5628 90
5650 91
5675 92
5695 93
5717 94
5739 95
5762 96
5796 97
5844 98
5872 99
5914 100
5942 101
5968 102
5992 103
6014 104
6031 105
6054 106
6074 107
6101 108
6122 109
6142 110
6164 111
6196 112
6219 113
6242 114
6262 115
6296 116
6321 117
6344 118
6367 119
6397 120
6415 121
6441 122
6463 123
6493 124
6517 125
6535 126
6556 127
6577 128
6596 129
6619 130
6664 131
6684 132
6709 133
6724 134
6744 135
6765 136
6792 137
6809 138
6833 139
6852 140
6876 141
6899 142
6917 143
6936 144
6955 145
6970 146
6986 147
7004 148
7021 149
7039 150
7055 151
7071 152
7097 153
7119 154
7139 155
7154 156
7170 157
7187 158
7206 159
7232 160
7247 161
7263 162
7288 163
7303 164
7321 165
7343 166
7359 167
7376 168
7394 169
7410 170
7435 171
7450 172
7469 173
7486 174
7503 175
7519 176
7540 177
7555 178
7576 179
7596 180
7612 181
7627 182
7649 183
7664 184
7680 185
7716 186
7731 187
7756 188
7771 189
7786 190
7802 191
7817 192
7834 193
7849 194
7873 195
7888 196
7905 197
7931 198
7946 199
7962 200
430 1
998 2
1290 3
1535 4
1554 5
1607 6
1728 7
1750 8
1932 9
2003 10
2188 11
2217 12
2255 13
2357 14
2427 15
2492 16
2514 17
2573 18
2674 19
2736 20
2796 21
2845 22
2879 23
3024 24
3083 25
3109 26
3137 27
3179 28
3218 29
3381 30
3486 31
3536 32
3570 33
3619 34
3717 35
3742 36
3785 37
3820 38
3841 39
3956 40
4059 41
4086 42
4124 43
4155 44
4207 45
4230 46
4271 47
4294 48
4377 49
4432 50
4472 51
4498 52
4532 53
4607 54
4638 55
4662 56
4691 57
4729 58
4756 59
4790 60
4814 61
4875 62
4897 63
4948 64
4977 65
5005 66
5024 67
5073 68
5103 69
5128 70
5173 71
5197 72
5230 73
5250 74
5276 75
5320 76
5349 77
5389 78
5414 79
5436 80
5465 81
5483 82
5517 83
5578 84
5597 85
5621 86
5642 87
5667 88
5695 89
5724 90
5744 91
5771 92
5793 93
5816 94
5844 95
5864 96
5889 97
5909 98
5926 99
5946 100
5988 101
6012 102
6034 103
6057 104
6075 105
6106 106
6124 107
6146 108
6179 109
6202 110
6225 111
6251 112
6272 113
6288 114
6319 115
6349 116
6372 117
6399 118
6418 119
6457 120
6479 121
6499 122
6516 123
6536 124
6562 125
6587 126
6602 127
6620 128
6641 129
6658 130
6679 131
6703 132
6725 133
6748 134
6768 135
6788 136
6805 137
6822 138
6845 139
6863 140
6885 141
6902 142
6917 143
6939 144
6954 145
6972 146
6989 147
7006 148
7032 149
7048 150
7069 151
7085 152
7109 153
7127 154
7154 155
7170 156
7188 157
7221 158
7238 159
7254 160
7270 161
7288 162
7308 163
7328 164
7343 165
7359 166
7379 167
7396 168
7411 169
7429 170
7448 171
7466 172
7482 173
7498 174
7513 175
7529 176
7554 177
7574 178
7589 179
7615 180
7636 181
7653 182
7668 183
7683 184
7705 185
7722 186
7744 187
7759 188
7775 189
7790 190
7805 191
7823 192
7843 193
7866 194
7885 195
7901 196
7919 197
7934 198
7952 199
7973 200
677 1
1290 2
1387 3
1544 4
1628 5
1660 6
1708 7
1819 8
1879 9
2129 10
2162 11
2199 12
2308 13
2469 14
2567 15
2604 16
2714 17
2758 18
2785 19
2825 20
2849 21
2874 22
2900 23
3076 24
3150 25
3218 26
3240 27
3287 28
3346 29
3374 30
3428 31
3543 32
3584 33
3636 34
3700 35
3727 36
3842 37
3864 38
3938 39
4024 40
4051 41
4083 42
4173 43
4282 44
4306 45
4347 46
4375 47
4398 48
4422 49
4463 50
4486 51
4521 52
4561 53
4591 54
4699 55
4727 56
4754 57
4788 58
4815 59
4854 60
4918 61
4949 62
4970 63
4998 64
5020 65
5038 66
5069 67
5106 68
5135 69
5163 70
5188 71
5226 72
5246 73
5274 74
5294 75
5328 76
5379 77
5404 78
5426 79
5451 80
5472 81
5518 82
5538 83
5569 84
5599 85
5628 86
5655 87
5678 88
5716 89
5744 90
5767 91
5804 92
5820 93
5853 94
5896 95
5920 96
5945 97
5966 98
5984 99
6005 100
6032 101
6059 102
6088 103
6111 104
6132 105
6156 106
6189 107
6204 108
6240 109
6263 110
6281 111
6306 112
6327 113
6346 114
6377 115
6396 116
6421 117
6444 118
6467 119
6490 120
6508 121
6533 122
6549 123
6565 124
6584 125
6626 126
6647 127
6662 128
6698 129
6715 130
6731 131
6762 132
6779 133
6797 134
6814 135
6835 136
6852 137
6870 138
6888 139
6913 140
6930 141
6945 142
6966 143
6983 144
7006 145
7035 146
7060 147
7078 148
7095 149
7113 150
7141 151
7161 152
7179 153
7201 154
7218 155
7239 156
7257 157
7274 158
7292 159
7310 160
7328 161
7343 162
7359 163
7375 164
7402 165
7417 166
7438 167
7457 168
7472 169
7492 170
7515 171
7532 172
7550 173
7565 174
7581 175
7596 176
7630 177
7648 178
7670 179
7688 180
7703 181
7720 182
7735 183
7753 184
7768 185
7791 186
7806 187
7823 188
7839 189
7859 190
7875 191
7893 192
7908 193
7925 194
7943 195
7970 196
7987 197
8002 198
8026 199
8044 200
551 1
1234 2
1342 3
1477 4
1639 5
1701 6
1758 7
1854 8
1961 9
2026 10
2079 11
2110 12
2149 13
2211 14
2348 15
2380 16
2434 17
2620 18
2671 19
2759 20
2784 21
2834 22
2908 23
3015 24
3050 25
3140 26
3240 27
3268 28
3301 29
3336 30
3360 31
3412 32
3443 33
3555 34
3610 35
3676 36
3717 37
3773 38
3808 39
3912 40
3931 41
3966 42
4004 43
4037 44
4184 45
4209 46
4236 47
4256 48
4292 49
4330 50
4403 51
4447 52
4477 53
4523 54
4570 55
4593 56
4635 57
4660 58
4690 59
4715 60
4743 61
4806 62
4828 63
4866 64
4948 65
4969 66
4991 67
5032 68
5068 69
5114 70
5138 71
5168 72
5201 73
5224 74
5247 75
5278 76
5302 77
5328 78
5354 79
5387 80
5408 81
5458 82
5496 83
5526 84
5575 85
5595 86
5627 87
5666 88
5710 89
5733 90
5764 91
5794 92
5814 93
5839 94
5881 95
5927 96
5946 97
5982 98
6003 99
6025 100
6060 101
6079 102
6098 103
6125 104
6146 105
6180 106
6208 107
6231 108
6248 109
6269 110
6290 111
6310 112
6333 113
6352 114
6373 115
6399 116
6419 117
6438 118
6456 119
6477 120
6507 121
6527 122
6551 123
6569 124
6584 125
6608 126
6627 127
6653 128
6683 129
6706 130
6728 131
6752 132
6767 133
6784 134
6814 135
6836 136
6864 137
6880 138
6901 139
6920 140
6941 141
6974 142
6994 143
7015 144
7041 145
7060 146
7075 147
7090 148
7105 149
7126 150
7145 151
7162 152
7181 153
7197 154
7212 155
7227 156
7248 157
7267 158
7286 159
7305 160
7323 161
7340 162
7357 163
7379 164
7398 165
7413 166
7428 167
7443 168
7459 169
7474 170
7494 171
7509 172
7526 173
7541 174
7560 175
7576 176
7593 177
7608 178
7629 179
7650 180
7681 181
7698 182
7713 183
7728 184
7746 185
7766 186
7783 187
7798 188
7813 189
7833 190
7849 191
7865 192
7891 193
7908 194
7927 195
7943 196
7961 197
7976 198
7991 199
8007 200
