99849.750314 2
99865.070490 3
99866.737157 3
99868.959379 3
99871.677893 3
99874.250731 3
99876.982966 3
99879.560378 3
99882.357739 3
99884.956859 2
99890.236126 2
99888.254344 1
99887.308996 3
99888.660546 3
99890.777730 3
99893.385367 3
99895.921246 3
99898.433206 3
99900.937192 3
99903.438521 3
99905.938964 2
99901.678227 2
99885.670062 3
99887.336729 3
99889.558951 2
99851.416981 2
99866.448288 0
99872.028509 0
99877.049667 0
99887.489899 2
99892.563387 2
99888.660546 0
99908.439112 2
99903.344894 2
99891.966358 2
99853.639203 3
99856.046610 3
99858.515746 3
99861.315198 3
99863.915015 0
99870.361842 0
99874.517532 0
99890.000913 3
99892.504584 3
99895.005807 2
99892.563387 1
99890.236126 1
99888.254344 1
99887.308996 0
99890.908510 2
99886.031967 2
99910.939161 2
99905.567116 2
99890.546605 3
99892.213272 3
99894.435494 2
99855.887348 0
99871.921129 0
99870.254463 1
99897.903485 2
99892.575177 2
99887.698633 2
99913.439178 2
99907.974524 2
99897.144685 2
99848.002152 3
99850.502152 3
99853.002152 0
99850.413201 1
99847.646346 1
99845.170925 1
99842.744659 1
99869.403983 0
99896.647155 3
99898.313822 3
99900.536044 3
99902.714494 3
99905.107311 2
99902.599563 1
99900.076320 1
99897.506589 1
99894.797399 1
99892.328263 1
99889.920856 1
99915.939183 2
99910.443660 2
99905.096301 2
99902.500830 1
99899.714415 1
99845.502152 0
99850.779930 0
99845.170925 0
99840.465863 0
99866.852542 0
99902.320125 2
99907.862992 2
99918.439185 2
99912.933371 2
99907.628125 2
99897.245279 0
99843.002153 0
99849.113263 0
99842.744659 0
99840.465863 1
99838.629475 1
99864.198221 0
99861.975999 1
99860.309332 1
99904.581485 2
99910.448219 3
99912.976628 3
99915.486098 3
99917.989254 2
99916.322587 1
99927.503732 2
99920.939185 2
99918.311875 1
99915.429942 1
99912.857140 1
99910.138733 1
99894.837872 0
99840.502155 0
99836.029342 0
99861.975999 0
99907.001938 2
99920.582548 2
99929.170399 2
99923.745255 2
99913.207720 0
99907.916511 0
99892.615650 0
99838.002161 0
99823.229129 3
99825.729002 3
99828.228960 3
99830.728946 3
99833.228941 0
99860.309332 0
99904.452560 3
99906.969707 3
99909.475423 3
99912.384025 3
99915.020226 3
99917.830166 3
99920.433479 3
99923.113646 3
99925.938372 3
99928.779059 3
99931.392621 2
99928.881285 1
99926.347278 1
99911.541053 0
99906.249844 0
99890.948983 0
99835.502180 0
99820.729510 0
99830.627133 0
99828.960467 1
99901.901120 0
99907.003006 0
99912.511700 0
99918.476038 0
99923.480005 0
99934.283808 2
99833.002236 0
99818.230654 0
99813.504659 2
99828.085665 0
99895.357910 3
99897.024577 3
99899.246799 0
99904.585757 0
99909.986122 0
99917.603716 3
99918.979609 3
99921.104906 0
99936.914204 3
99939.052332 3
99941.431709 3
99943.363971 3
99945.674725 3
99948.111644 3
99950.590616 3
99953.083607 3
99955.581271 2
99830.502404 0
99815.734083 0
99815.171325 2
99825.461260 0
99897.024577 0
99902.334011 0
99907.409388 0
99937.423019 2
99942.615904 2
99958.080492 2
99828.002908 0
99813.244371 0
99817.393548 3
99820.039421 3
99822.588045 0
99820.080071 1
99817.556150 1
99895.357910 0
99900.578772 3
99902.404082 3
99904.679185 0
99930.138569 3
99931.805236 3
99934.027458 3
99936.701333 3
99939.259291 3
99942.072799 3
99944.677302 3
99947.533141 3
99950.151754 3
99952.691292 3
99955.204471 2
99960.580232 2
99825.504421 0
99810.775235 0
99815.209342 0
99820.405352 0
99814.984388 0
99898.109636 0
99902.168377 0
99931.717244 0
99936.772474 0
99942.208166 0
99957.708865 2
99963.080146 2
99823.008958 0
99808.367828 0
99813.656725 0
99818.857273 0
99812.269101 0
99809.772530 1
99807.282818 1
99895.702228 0
99899.635953 0
99925.897712 3
99927.564379 3
99929.786601 3
99931.930667 3
99934.312022 0
99939.800759 0
99937.578536 1
99935.911870 1
99960.210329 3
99962.987670 3
99965.580117 2
99820.522570 0
99806.145605 0
99813.998873 2
99819.213037 2
99810.046879 0
99804.813682 0
99893.480006 0
99897.038680 0
99895.372013 1
99927.213784 0
99957.713758 0
99968.378432 2
99818.063406 0
99804.478939 0
99815.779589 2
99820.998292 2
99808.380212 0
99802.406275 0
99891.813340 0
99894.517617 0
99920.606445 3
99922.273111 3
99924.495334 0
99921.984529 1
99919.452115 1
99946.458614 3
99948.125281 3
99950.347503 3
99952.754910 3
99955.224046 0
99970.977871 2
99815.685915 0
99818.039828 2
99823.260043 2
99800.184053 0
99891.954428 0
99916.854872 0
99973.511017 2
99813.553440 0
99813.965306 3
99815.769261 3
99818.037246 3
99820.459908 2
99825.680627 3
99828.154155 3
99830.645331 2
99798.517386 0
99821.889695 2
99889.264862 0
99886.795726 1
99884.388319 1
99882.166097 1
99880.499430 1
99914.063144 0
99911.594008 1
99909.186601 1
99967.256633 3
99968.923300 3
99971.145522 3
99973.552930 3
99976.022065 2
99811.045438 0
99823.202739 2
99833.142390 2
99823.556361 2
99887.130951 0
99911.469504 0
99906.964379 0
99978.795440 2
99808.521433 0
99821.894794 3
99823.561461 3
99825.783683 2
99831.752520 3
99833.419187 3
99835.641409 2
99833.144839 1
99830.655127 1
99828.185991 1
99825.778584 1
99885.729217 0
99886.481566 3
99888.399016 2
99903.682557 3
99906.187077 3
99908.688584 0
99905.297712 0
99990.588780 2
99988.298351 1
99986.427064 1
99983.916939 1
99981.386565 1
99805.949416 0
99804.282749 1
99828.517720 2
99838.511045 2
99886.169067 2
99890.704832 2
99901.168996 0
99906.175951 0
99993.018923 2
99988.016401 2
99803.542009 0
99827.101038 2
99831.095732 3
99833.621736 3
99836.130404 3
99838.633293 3
99841.134257 2
99838.562494 1
99835.847207 1
99833.624985 1
99831.958318 1
99887.982351 3
99890.600666 3
99893.140104 3
99896.006260 3
99898.628312 0
99903.638052 0
0.000000 0
99998.373909 1
99995.495637 1
99992.924939 1
99990.212846 1
99976.005013 2
99801.319786 0
99828.767705 2
99844.083579 2
99833.350636 0
99885.513215 0
99890.917882 0
99901.024353 0
99993.273415 0
99987.704872 0
99977.671680 2
99799.653120 0
99830.989927 3
99833.718388 3
99836.294542 3
99839.090740 3
99841.689473 3
99844.222383 3
99846.733354 2
99830.860924 0
99879.216918 3
99880.883585 3
99883.105807 0
99889.251215 0
99894.294370 3
99895.961037 3
99898.183259 0
99895.961037 1
99894.294370 1
99991.606748 0
99985.180952 0
99982.609189 1
99979.893902 1
99828.434076 0
99833.787804 0
99849.546852 2
99828.391788 0
99895.581136 0
99977.397331 0
99820.889977 3
99823.297385 3
99825.766521 0
99831.267591 0
99817.259603 2
99852.151352 2
99825.984381 0
99823.762159 1
99822.095492 1
99868.314705 2
99882.523672 3
99885.026340 3
99887.527229 3
99890.212883 3
99892.774768 0
99877.234345 2
99874.765209 1
99872.357802 1
99870.135580 1
99868.468913 1
99974.907619 0
99818.667755 0
99823.731659 0
99828.706952 0
99818.926270 2
99854.686185 2
99869.981372 2
99880.015670 0
99885.442673 0
99890.207995 0
99879.724057 2
99972.438483 0
99817.001088 0
99822.627073 3
99823.925545 3
99826.025035 0
99823.555899 1
99821.148492 1
99857.197796 3
99859.701667 3
99862.202957 3
99864.703387 3
99867.203530 3
99869.703578 3
99872.203594 3
99874.919647 3
99877.491664 0
99884.189008 0
99885.428010 3
99887.507677 0
99884.935915 1
99882.220628 1
99879.998406 1
99878.331739 1
99966.142187 3
99967.808854 3
99970.031076 0
